9113
18955818 29839520 100772568 218232272 60478900 4194304 28751632 182256683 71570952 217448712 
907 1500 26601210 37530764 75756256 9487 42002046 16384 206669754 17970 
20137416 268435456 101651760 22190295 95799186 268435456 1780376 1 73941624 369709424 
4194304 4050 1449991 199145947 340005822 3387 310375754 31427 67108864 27507 
578092589 21517 220024360 462152 53788992 423311421 1988692 322315842 334938590 37918254 
11869002 8457 386884388 21335832 63513408 16777216 326923572 3837 8177 807290000 
487103175 230972919 97030286 612396576 551615109 64643040 161871192 355217786 585248608 39619008 
29627 22449612 16759208 981820152 3490 285500784 4680 100858620 185649481 950393106 
46003923 456710380 1 349075332 9847 25840 15709233 597434445 418980094 229974166 
181104252 156892896 239025834 3227 40001346 596044617 214240704 170485345 811874826 67108864 
350169883 151248094 473120514 10997 214371894 35196144 373972284 13730 674974913 218514092 
2087 314980216 5121324 41924080 7910 294610923 453615272 264058860 347589717 224020892 
159718855 26070 27607678 152487762 85583275 329372351 161368551 348506704 389807792 67395500 
247680818 225423740 177527704 132317484 602827884 282545854 249311525 15800 456676317 194787054 
29259126 597725406 25540 375391357 461586681 16777216 205987172 101931648 3579748 588939381 
611255644 818283762 262144 5907 21416784 333004588 214163497 72792768 262144 319476444 
65833656 14057576 7237 380 146960200 16777216 186039862 132347787 509820599 666401208 
307287310 122024419 256 119395220 746840671 26289888 2057 245649932 16777216 149927419 
86931512 1048576 59612982 207392457 125935264 256 240774085 127466402 308796298 8790012 
167865104 6917 8360300 429667632 343590742 12180 102255712 400074872 17577 177643584 
16 32429642 105856657 92254548 88402726 14277 416285499 655442697 1048576 123640418 
16 68275570 750828546 3320 749577573 4194304 65536 16704050 16 16384 
675756074 50923152 4454604 76226473 1024 526016674 1 27227 302240367 459398948 
8467 236096289 187954974 160340092 104089768 1 460220292 28433664 477689256 385949160 
11947 1 30460 474210981 55837160 367129821 14470 6469734 31297206 9367330 
135540912 31487 268435456 669007140 186628428 66409728 81407940 599369640 175068817 15738330 
714634524 182323884 144018693 11630 4 85226129 182350710 74501081 16 253880268 
436487754 15567 294879196 54644262 983309821 24207 15440 7631898 2022847 219733008 
12646237 20827 349236820 815943843 35500707 625523184 25240 869602266 10287 133289232 
23317 58749758 225339728 116977828 5887 308002310 397528862 144059916 31177 284918788 
446306368 22130388 68454912 22157 117067956 13520 528631376 191163259 246920512 158443168 
16384 206107965 278834640 25810 6949088 140971380 254827962 172140628 21700 410204564 
4096 25054428 25190322 3107 7624822 349534164 4 12487 217338480 5100148 
137096211 95487624 262144 603819792 148751960 121133313 12767 638678103 16777216 120339872 
29727 5327 984368 106854357 16777216 97096132 799019457 382150888 82939955 28890 
272042890 76108914 378148728 308393826 207318485 15390 749644348 415899956 299730168 95370236 
524735616 106678730 313270228 9150 64853504 2707 11645917 787529665 104808200 9538785 
13850 162214568 263171338 48529404 177310060 83841934 509763004 22187 379950921 173297560 
407864892 290007108 8550 286028362 96747768 213252000 104648646 261621222 29187 6829298 
122084424 208497960 109495344 153502524 71327928 7157 29170 190763460 1251072 17807 
63031124 69372336 358096836 135696522 43457976 2340 93682094 186104880 9461332 24405196 
397600064 139044330 379145988 98668570 1048576 109679896 283423815 207159966 485044654 49948484 
11427 19007 28467 13804362 366313996 44338184 148718832 21420 3114751 268435456 
85780060 24337 4096 173094999 175001856 219798254 210156492 4194304 9102048 4440 
10830950 820281 60037956 231739596 208649037 592262566 225339158 504471402 23307 665208754 
84724878 13717 197131212 549249858 12607 96008733 4096 339466464 16 1 
91845858 577947760 141831243 29867 832745585 495397795 409145018 4 205899456 408436392 
720942796 167389530 373868 48902830 16 4700 36185138 30652428 613362750 10048296 
23620 50440698 345514012 759402300 14314426 118023076 167966491 266747234 27714188 23230 
1904148 281305421 6567 22740 169178014 27977 5147 177146253 77925864 14787 
70351270 268435456 314579132 3385722 238975247 2757456 434027365 22867 466747065 821046661 
12800 23239522 208628435 274373492 5807 7560 350146433 4730 466478480 11910 
166022285 1 807070228 43813068 186965694 369520480 547263752 349630791 18740 85103428 
710846552 611490748 12673408 279862212 268435456 160463280 4096 22095430 268607362 495076311 
353888370 228220740 400128473 16384 39941117 8120 151919922 134786817 885697943 19187 
69061888 24337 166897530 16 681359167 259726 910399495 4357 132809749 1039242126 
395230926 16384 82979668 111048504 30520 479348198 452551026 828324422 121391102 69693074 
671563081 256170558 89885971 268435456 698776779 9326691 266513038 68137008 18810 295253502 
323147696 23667 19690 15730 254317824 605622213 1048576 16 461072640 11917 
200672640 18566436 794917400 144363602 344297226 203377447 50422120 2854940 665976558 5267 
156622596 170118483 64 16 624309951 84390448 128510412 11900 201771336 156315239 
75965824 28370 195370373 31277 524149619 4547799 963811518 8930 53920074 16 
16777216 149512356 27560 209861964 143624704 157655489 276157648 888606859 286556916 268435456 
256 106486400 22010 108059588 139941256 145351836 167856 667909580 19613664 4949068 
1062946 8331048 13387 410745960 238892864 61165944 66244832 20807 50342445 87442561 
16050 367 65532384 25517 233589326 175106600 424569222 30640 6674052 245055539 
821967744 67108864 17437 342608928 135566624 581491260 17287 69540580 257866490 173842776 
83407584 10622661 16384 20393568 423943460 361352140 302573313 2970 16 7220 
725037348 12110 323096059 7566812 26210 225348982 23257 66509748 12380 416355622 
253854285 6647352 292862768 180318636 4096 27694576 31237 49721950 97740276 62665510 
65536 205622032 206493546 63958916 25180 748479816 16 221254506 244921390 29453592 
142705584 199506274 1 817597524 15520 18397 167691784 16777216 4194304 92247925 
386825660 1900 6697 2947 80530150 105443370 967519620 223319319 641679110 262144 
361326696 267584480 47992122 274573584 8779330 25627 6467 37339464 19820 3160 
1974368 35344422 13840 13080544 638087353 210207869 291943596 116439953 261738248 101780571 
342107552 600438690 32090 106029184 679575886 1024 247869798 419854938 146153997 569406636 
2314718 17507700 62055264 228143196 113960758 147248448 380576246 63067366 111543876 631615698 
10831902 825851708 65099409 2289357 425874588 28870 3127 15043453 525793606 559604448 
16384 559065456 35063501 483866207 73381242 22917 62875329 10957 29000160 256 
132900457 9128441 555742572 7090 16384 24682064 165463140 16440052 431468564 25507 
99759273 25657 7557 278326872 31247 80188432 56832520 127136268 20074043 9237 
73736280 20080 698862231 388804352 1 99673104 12741318 101774764 36627280 42162894 
29870208 428415668 20133310 6427 16 514061587 19687 5327 386439690 25013446 
54633116 144148728 48561129 16 16 303816842 308829294 605836098 3837492 549558592 
4903668 1 25470 52264979 422655606 644357376 8836426 5546148 222798240 43847658 
206068780 406482048 658235086 146477916 74712441 91763714 269210739 105532512 93211755 172723484 
83858502 148973718 1009978704 377817850 24937 422350656 64 16280 12163442 5827 
5847 394724736 266178432 1032864 13260 106009736 30060 2387 331333860 423757048 
2285206 11027 1024 88539066 248662712 256494920 3453565 447243597 143096157 38803149 
9382912 126007843 483599160 260152750 497238632 53569156 483729147 15210 160169896 16927 
67108864 65536 4 133164088 25260 1024 12128180 347983260 6357 7980 
117346172 8870760 557 16 428085098 151231431 130439680 8413470 40495616 767306918 
4587 4737 4990 14806406 339198354 5327 24797 1 302591245 33178194 
648891414 144320814 1297 46442385 230092093 4096 30860 4297 20167 67108864 
24967 17341126 79361816 20674018 23917 11380 8347 221673760 145072004 10261392 
186328704 41260824 27843091 52446408 75228156 480822849 584981282 195661732 42192787 6610 
191251568 157505904 344227455 151447590 16777216 120284043 28273320 9618006 67108864 268435456 
94434208 3530765 21180000 343915389 22137 70179900 228020892 1024 77981225 1009231151 
14045724 12427760 31900 195254832 353631355 269029811 319374465 26152896 8817 37396272 
75563424 4096 706766636 266824159 49924728 324146718 14280 265307508 354371912 18672684 
374731588 34380426 436239070 365730255 125089608 31260 20930 193274212 27228264 541249688 
363649854 20180 25970 13250160 256 362105848 502867239 31584420 799625780 30630 
28017 85844136 229155436 29697 796849296 30400 378498690 19377968 430472490 228585552 
64 4096 312837810 455077810 5020 17010039 20 22821942 6237 147012424 
24090 170491636 174315616 179612327 576422985 270447711 6397 27780 320259996 4194304 
213179748 85947048 268435456 273731328 478958336 29507 6271980 469767168 250820928 20116064 
101457948 22347 370011759 82692643 422708 332082114 7531304 480338647 256 376386856 
35823930 440 35505544 59210564 256979088 436409043 262144 314447952 339480 204329864 
18697 33482862 31170 221391530 291569096 96450840 23517 1048576 15620 537029808 
239911337 468356868 23800 199667464 256 148457322 65536 73769472 237412632 123273300 
877 23140 166649148 299056658 522972417 125426413 109354687 276655580 9457 28938240 
363028712 58790326 341075745 65613204 121386496 288249936 7677 169209432 4194304 41168640 
338136820 131186292 146019952 147787416 7552930 64 222662264 232063260 160981912 912937155 
142332260 24230 38727234 350589060 10798320 316331661 256 31697 36854862 163271064 
2910 13537 16777216 90339810 59825252 81629412 106176105 4165118 596132952 24950 
295004670 22321647 85189312 256 30367 23657 268435456 191108852 810274618 295127805 
67108864 27287 207734448 3360 166745136 28656291 507909710 867317848 29210766 26020 
9370240 4887 256 64 127387656 116223744 24384256 365559006 150264180 62466516 
308910030 4096 156016591 187647004 37547785 8287 683338800 162634959 36593613 101295264 
590434215 256 108590130 101412509 268435456 775983693 19907 23877 21330 100731605 
1048576 53082810 236290928 268435456 15134658 570417810 44217600 23943040 104776332 17937 
102582816 480337304 16 229702964 123266960 7675724 59670336 28067 145441824 21660 
25590 39922038 20589260 473821136 67633272 852090584 4194304 306454581 461408915 365700192 
10730 15866048 397038911 23170 554037225 488821838 4 17477 24540862 52272336 
46368696 20850 12970 19147 48529624 934543656 518679796 38196873 136904742 175650398 
16384 87722522 205837548 486212034 134604588 97353600 4096 202192016 220059136 152600834 
21868176 16992878 17817 293684027 386095444 108999128 256 64961456 17250320 4096 
1 25537408 16384 4194304 399979206 5697 135073136 17350 187200264 16777216 
107 20487 25177 188686740 4194304 457354534 357013952 32815188 1048576 871759596 
343561078 500315191 16 270202830 1048576 1237545 11281016 295006767 238567263 150600681 
5300 95941670 5927 346824352 64390134 294729372 166745738 572612766 25971291 37461930 
74174808 16384 80966589 16190468 29850 161153200 80278674 112348349 27704546 942746102 
111034710 30817 268645736 371742558 77089062 16777216 576433989 141508728 12700 152913846 
66163002 547 230365034 9097 226303350 320788608 304784928 727893738 318447589 20980 
12280953 156699842 16777216 733765509 585318603 350610 245092001 799720662 262144 1645712 
80482832 262144 376528768 233129036 3327 70574208 1667 269820201 79174704 16 
115613937 192822712 208141986 206063892 38983514 488414928 643860 165379357 649517376 25627 
315044864 19617 304950112 1024 67108864 6870 24560 97468434 16777216 20450752 
184985094 268435456 56161378 539576037 33773484 212381701 14490 824341302 168268933 93137088 
276496968 230591448 727829629 3201318 530655948 322816963 56820456 215605179 7735390 16777216 
67108864 304178448 19577 62557005 16 492193779 125343184 247114626 4819620 121342156 
123284061 377348430 1 17820 1687400 174789608 318068104 1024 570119638 14520 
68350808 187383508 522488851 35013474 756174654 319223926 285081518 26260540 44498646 102508380 
321249136 22147 108264772 23980 3367 183266460 141872388 27957 742801100 27167 
422533552 16384 16384 203679742 16140 67108864 395463282 4194304 21220 141148557 
294483952 16384 166879764 322110592 170256690 64087821 9314904 14090 46491870 104026950 
115811985 262144 16777216 262144 66682116 425620263 18697 4383501 1660 9360 
207892288 162369640 383839904 345762511 371123588 10460 385744721 218573901 9467195 266402976 
24157 23974252 221472540 143441298 3915794 67108864 14117 79128168 558359412 4 
17837 773395979 330681794 2977 270705072 183588984 197506754 67108864 11130680 38640 
205443176 23550 23783211 685351660 124197920 1705536 510 7057 302910924 10677744 
12047 249336192 98206600 267816615 6130 637393570 76504503 7480704 292170024 195529608 
78142788 263234949 77426496 6397 31987 40495224 3814041 234938249 5199924 26787 
11620 380300022 156469557 41055868 118413748 4096 8940 64 510710690 280792386 
31049568 3557 16570 169112314 163561608 182260467 12540 28863496 12080 37389096 
189007368 99598878 142981390 837 11872817 14680 55456011 3303396 28904976 65976174 
23579136 21557364 51495561 220803123 663149133 16180 845149812 340711602 42301402 710638445 
77512556 380961924 601474051 28247496 410583276 10636766 354302284 13140 4096 32288925 
506632280 118348304 675340206 13077 49597314 46225712 273719567 859153797 31490 1869660 
330535576 10380992 22130 30876212 322674690 2913327 49657536 7177 237457520 154582952 
3730 91277316 17360 40240632 264039819 6112596 177365160 36393088 29814336 108306318 
664505284 17190 326754445 29390 11130 256 1 48294848 116053560 200973976 
193394048 188567730 7734116 2055128 10884147 1847 52468140 97185744 28247 403456196 
747742392 172272432 323935242 58860758 438336762 554496939 24230 4096 4096 1473552 
322258121 152308856 474524499 257303712 171478998 51479824 204527026 112367880 33557060 275020164 
101666500 550673892 259009002 261251368 902550684 492182658 29240 22060 445799052 55675437 
1 244211703 308800587 226590126 509593370 118220358 34780130 6107 268083234 654831692 
18897 662037562 65536 73610649 115478281 268435456 158535696 65536 26354400 67108864 
19431301 358460280 42600531 208206368 32117 22409129 162818968 6392594 53603712 229864762 
67176168 4907 14597 171293388 3004992 566022015 1207 156330434 930 833838864 
36880488 87377988 104096500 79178960 38191824 169201934 27627 13667352 153722228 23007 
153776880 172129202 237648538 342421792 1024 21280 372711842 254357091 13910 7177 
427112415 321866061 582101784 13684020 64 65536 16 4194304 90765532 10540 
100774506 20037 838528920 143875797 20810 1032477 86521875 412068960 159986664 10547 
412244448 64 15787 29207 16384 24780 20530 29827 98304791 26280 
95917224 128518932 67630233 57286064 1657 79071951 742413528 61879742 11235292 19260 
565208616 507022215 7247 86924016 280605402 8070 36670062 101444416 142869104 155709840 
169806897 21847 46349820 233469632 72402057 311342304 10007 147006846 15510 433375672 
2127 155191653 21097 147905730 18327 262144 8389080 50179506 510837136 64 
45321762 367898796 1024 193200102 207519936 22930 210008688 224634140 161986856 4550 
17786656 30567 9252880 117534736 94745560 644021180 22010 120399930 7730 271420 
403463984 20757 15827 13917 100009580 9377 4105392 388550925 93298916 30500 
238574257 2990278 42705806 194018398 728412824 28684502 289226502 193875752 271127298 54648126 
92806196 149587812 305470254 191768066 16384 25122564 7620 510976980 233688924 402732120 
349726074 65536 544417008 280944272 209740122 65536 188441715 639587172 456542318 56226852 
366528624 126084127 11397 18627 182961590 4194304 5141020 47844996 95483999 1024 
977 191345274 50231457 18030 135649973 750809982 932058219 12765566 800296000 16740 
442588536 10837 9910 16384 427975584 322995036 68980811 67108864 25770 148571136 
159819013 42774112 758712663 437807564 410502832 220559999 12680 800458065 422769222 577 
243129690 87501708 202462416 15307 195958175 166612480 33616455 30530 316598784 15146224 
134861796 70476480 328026936 11773920 100475249 61982570 3147 25680 65536 16 
99628746 16370964 168908080 461449276 12847800 87673872 48234380 207423414 30170 16777216 
329022696 2900 732876952 276744800 65536 65335680 28497 1024 835597904 13230 
373729997 11987 64 256 21918657 11927 163955792 104748228 470143080 144245504 
394025562 46214959 5210 303220126 39360960 849758905 147971600 13662644 935034520 105369166 
167789104 544361558 490833378 574314880 345864000 16777216 88696704 211409463 40965903 495971976 
703963656 23755801 58633154 104755280 8547 16384 199473498 176827579 300032201 100760931 
93599788 201794294 2996026 56334418 627815714 649993718 30877 219201487 9297 21055104 
1024 628704332 343168947 65396153 31604229 333097699 63657672 54733296 9722700 16872278 
14887 389351232 96930306 68296514 67108864 687 6693232 31457 958939696 195208820 
504876614 752631680 50380677 206731836 208791524 57370082 5827 4810 583699608 274850334 
142307106 174060586 1277352 22720 983380798 13323146 463893738 4957 407001892 120803520 
112544766 1239504 10587 4460781 121171196 41389908 29527 49159122 9807 155826073 
158815790 419247252 286301787 30199330 16777216 102407606 61909824 27647 174828555 59126338 
63192609 4194304 238120704 80105658 61053218 353424624 912318532 424860858 128980662 262144 
3435376 553393809 4096 220828748 9046527 231631998 67108864 609766556 10303512 67108864 
38624214 522682446 19167 111098855 146798522 1048576 230393154 330209748 279092628 6279840 
322938594 25854390 56080358 16777216 602445660 64 82578418 288252458 8981542 20161764 
125487536 41277731 779670884 64 134990244 675223510 28577 4 28840 1 
686224539 19307 195639048 17907 172647342 256286079 321686880 24507 10734800 365188096 
24380 398596212 18420 5710 5887 26320536 17410 107171064 282482688 387893924 
262144 67368816 34118448 7343094 67108864 177854735 43583832 1980 539341624 1048576 
419686860 559547298 18200 70126147 113278918 204635028 14627 481829200 16 69562614 
443559504 37088759 20610 10500 279640648 135085482 1048576 32197 66567340 65536 
201284460 2843951 2433342 296221649 13850 632309730 16617608 9028932 160919664 732496431 
4096 262144 14867 746343540 16 22387 145434626 17117 734036253 1024 
88575552 40192900 376603222 147900243 68903164 27070716 21417 228363347 47559744 303783172 
471094533 28715552 151276344 89374596 71069268 159414336 172935862 917662824 16384 24886242 
207186496 592923821 303712148 19569354 4194304 451496704 121755990 163444400 51068847 8810 
7485084 69448704 38976240 568561902 36349365 84844176 1048576 8252630 73077695 219610802 
110918400 1024 44647999 213268389 88458300 610980694 31287 30170 12630 6310 
413058933 317615220 31530 71669808 336673816 48538464 637777712 677761378 80743200 67108864 
969317307 597632724 265628220 149895934 14160 503755837 32329548 65536 495369288 29971296 
449871352 8777 45220956 122177160 90986 16137 40857600 205222436 712136052 79992872 
398149461 10507 626215824 866982762 977159412 425385255 304902884 237538880 551922536 270916449 
13407 179681612 20487 492638788 190528492 4096 123673645 39030228 125328086 31850 
84088914 17166639 201173594 205540416 142730128 32190 52321940 190655613 132426492 228860233 
166371673 3457 6942902 50379464 318968127 168885886 348041934 7470 182001927 29110 
138725712 229733008 56617997 52703298 37110248 252656340 282627284 276010644 94624806 16 
30707 380496904 66964819 422953212 49303020 30797 24197 109596465 161557782 63898992 
230260104 204525152 35693154 14960 12570 21290 282318239 16 29449698 132276456 
440666317 67108864 2838143 8307 159852210 14977 202545952 1048576 441065625 30037 
139440647 19080 1024 118646632 352256405 266788372 646829403 6944553 52969068 2360 
11210 17270 179592856 217948262 1 270176 284784045 683152984 323030732 4194304 
103299786 16384 56459286 148504182 13860 25717 64 22927 595679040 201527678 
8403150 96845367 182375084 447699726 139794686 67108864 4367 570206112 127743736 130784041 
516321429 160453953 12020 34084106 134283804 859579856 21430 65364126 13377704 16 
570470714 18990 46506240 16757 498407106 1002664953 96219088 17020 852800652 135083214 
447896209 97680172 17807 74640948 43699992 125716544 129288728 18265910 735008632 52877094 
189584472 3380 21297 317275234 53434108 24363248 282733668 278753046 573871711 883787758 
7220 26207 15470 1 262144 148989720 71901606 1048576 331785864 266325878 
117421148 176848216 265329792 154499484 202332676 13460 30244050 32107320 1048576 338492079 
4077 4200 170185064 129485380 50546916 4194304 47807660 137414992 268435456 103693500 
202223534 7916307 220101205 540871632 53279040 187815628 1247 376814836 72414330 705322005 
721082606 1857 89814998 23000 280451106 776409720 287245984 21390 66671307 27110 
729470301 19957 36717264 165785640 94664792 54507276 239619384 313910456 2494042 68165376 
4 256550406 53146952 13708312 423679014 297106914 25507 4194304 76334208 402736931 
30667 67108864 8786232 345905531 20930 425288780 2300 244573128 19315170 555500862 
24517 5577 28422030 12820 55306820 78322780 23607 460174892 381813683 84241854 
10400425 25050304 250536006 325200204 23317 467711108 26990582 31063230 291928626 332784158 
1048576 337269885 1 28032410 189566593 29620 64 45970953 6970 675833070 
1010 926012126 199044 282130448 510797672 166479778 3887 123575615 188944236 67108864 
59917152 127312088 23660 69303091 184664102 288318769 251168031 201133618 499769648 754071560 
947574849 219285730 9957 13240 14720 21137 67757886 262144 373708180 24040 
214401384 12012899 398222190 226811607 34734384 550993150 16777216 2657 17300 811917522 
20764805 19116496 19778304 512020787 121334124 21950 4 7304088 10356600 27377 
83935104 32420 28607 27461766 67108864 337927401 135484288 3630 227421936 162737912 
143845026 16577 108385108 239643410 20127 535383312 111520206 15904746 305272240 705232516 
285996970 254540454 14997 50071032 256604337 3780 340891760 64 11063880 56863884 
116971994 548442520 83856000 310682759 146045812 379790502 224406720 41996883 876099037 692569240 
79651136 422952672 371907768 426443220 376076540 191121756 39569268 197421936 645427112 89361061 
250237984 9967 22140 232435951 54342964 80670121 844413435 110292412 29842074 122125128 
5290 26930 18957 3975006 211973902 527599200 16 150722964 173028744 4130 
5177 128345780 4 140892696 446902852 806276187 69721256 314419988 216352812 21330 
2437712 221147072 1420 127627871 29267276 136244283 32060 44543156 32976234 530225144 
186346832 24054003 188166009 120593402 133532200 83051127 964724898 186242040 262634394 18117 
92928514 97634339 115221184 7170 2080155 487517058 1024 64794544 130086288 630208500 
207962678 112056522 277765752 253128651 367632846 69481152 331661008 2737 15655109 157312002 
1897873 176210676 41343848 67108864 78441804 84825228 362960444 23765388 26680 30056832 
136827977 620197921 25400 333442934 414834624 16 1024 495336006 67108864 65380040 
64 326389132 249350871 165067306 66146068 826553 884855134 516786162 187734239 19866726 
27029776 464330348 129333470 106471440 74914120 211534638 83384692 417124916 30757 112667474 
266767437 99447911 56440830 578950526 20780 13010 26717 319796582 48918408 691216624 
5976018 372227400 97505330 7542848 10642320 171440808 82019856 406003183 382756257 5987424 
6010 354815721 87941721 326762836 4096 4699310 282125547 101602137 639341 134128041 
163389856 1182636 32984364 133287708 10287 238265172 255380328 84254016 83110628 1490804 
39033728 586195296 7640 1024 272614668 25117 7990 30290 6647 462151404 
31507 519852152 730948900 382059624 316019184 28067 53163858 79531410 9567 15430 
395042766 48951089 1048576 268435456 26353584 272351736 416746728 17880 14129324 152235648 
135345056 570174584 472641708 57931688 785519667 426118940 787177713 75792448 3367 293694636 
102009856 27887 119642448 870913268 4096 11214522 64 17127 111750528 7510 
84264369 11427 860 541666512 203661836 277394397 4027 66698562 276256440 214149684 
448565664 7960 125912220 316716636 6073396 16 27967 64 7855689 8490 
599481288 2070 99294678 18890 187738804 808344798 490867984 70898464 193418478 1024 
113050738 650 8233312 339297390 388936671 48777936 82122669 22174444 191490972 4096 
1048576 487342096 191818514 20760 210303084 390533920 256 852310056 551336528 28640 
124315271 149610384 194988838 13948314 112756023 4194304 501096708 100211500 30317 6027 
173551072 180889296 222014208 81622662 133848550 650580128 737153368 17458207 317873517 27330 
68846212 117634412 720 64 24160 139031672 57743456 74658716 49258664 41270056 
72040720 289503032 227358 416509500 174935111 148419326 171952804 214834 17467 69178392 
26800512 29577 4 543031926 15670 14890 5700 501758579 32445242 9702070 
203981940 25887 16277 278833800 434551382 152829048 293294264 205923735 197271390 39624928 
82784694 296793061 317500672 652994882 219364124 4096 30237 73872645 267364504 124908603 
749492965 249373560 23540736 16 284481826 825327156 110088032 4096 208225861 268435456 
24907 17030286 651030556 374714142 70940832 193401264 17798184 1493300 106448560 597109304 
107197158 89768393 107367444 544024503 457907346 302277678 4 150 145770750 65536 
25947 596552035 293527542 76997496 19130 542745873 23594241 347443213 16432592 25157 
557011840 354573303 1 1 192878825 45543500 12857253 431952024 401412968 24137 
266757545 175081380 69003132 6827 56525574 562624356 939339764 16777216 64838614 27850 
138672936 777879072 653542194 4 6197 451760753 153667384 87478092 378665673 259842944 
103067974 21127 16632080 160984485 32593902 260 83208828 125160288 439676292 369869760 
385229448 65536 13147872 110245936 17710 367954103 256 310091968 40648636 626076210 
447304272 335996122 3489484 286842068 568241472 93717925 1107 24560 15807 16384 
113230776 125741909 828762368 183196624 597352481 634113338 812397085 635473800 67108864 392467032 
29480223 166775532 66257296 262144 48235022 664889337 4 44646020 701833033 143461912 
960077626 19806768 16777216 127 146455452 162630507 20546083 1 18431567 24870 
16384 275817492 544764132 3517 10565100 14477 34344960 46485198 361140972 486802204 
90340696 95923723 7592120 4096 28188192 91090494 93032004 614688464 339628752 977 
301689146 3800 59920014 28380 538443169 626287878 45266517 26945211 325587724 13970 
125632242 22416475 663202936 404167436 442235718 258164284 364237396 631080352 2600 21990 
127521536 340576656 16 139188798 16460 278315716 142016960 268435456 16777216 263478189 
326626224 15797 171660104 75494376 24107 103471840 11736576 1 4 5517 
221886561 190321846 165015928 2513952 21840 29470 104778736 204562176 26000496 445088880 
275321154 12883632 19327 55765892 92484315 32474286 3530736 708956532 685225340 9429066 
164074752 4194304 239792769 53646866 339712634 1003776 189048468 245819301 157919160 8877 
26410 3160 268435456 1024 77989924 165105132 38928435 138623077 633039372 134922074 
169801632 404967075 141438806 332651806 785122481 178612148 9547 293544402 187468286 83339776 
21893440 11850 339090160 327784730 32170906 4687 6567 23560 1877 194486538 
3237 4096 30617 19623696 74536145 70873220 132046908 97173232 16 1637 
50932596 18557 18900 23177 2347 467523656 4194304 256 25310 19097 
203529201 4194304 1 1024 16384 19197 4096 9797 238469448 202965347 
113504919 602964296 268435456 19395635 22717 162478400 6171616 33048786 24467994 16217 
145276352 442298688 115733712 160844106 5370576 17857 16 11400 5992056 232089988 
270864 79534904 203288512 46956468 25747 262144 279756166 759055915 27507 16384 
14217 35416661 699824433 10337 85619568 390006732 8937 444211098 41675761 92324100 
106133976 256 32416404 23699394 345206208 522161464 175925988 99213354 20277 5900754 
5140 354559722 159491312 346988154 112610106 16384 127556604 83108130 125147934 67108864 
279615600 343272786 192049560 1024 273050996 9268259 16 699670647 271583624 90604636 
309646246 55485051 20297 937513062 23830 9517 866022904 1032302220 163449612 425194911 
119994282 2970 4180 1925399 870519024 195136227 80674734 25900 340688523 212561118 
11464485 79246608 12800 411423232 77210642 70202236 421680962 386603102 464815066 155463177 
42669760 98759349 907359739 32584614 403404779 382298712 262144 587476208 93760912 93170512 
460125582 8917000 16400 23937 41993914 312990808 100840414 20967 1024 12901317 
112848736 42047008 103053554 147684587 209919822 65536 4740 337960413 42077536 13806216 
375610240 210865707 64 17300 4273410 2017818 29717 131773 262144 1187 
130307172 16777216 603147436 915202158 32717 779662679 64 16217 63491428 312844623 
972825943 99919824 424869280 84142824 16461744 29170 562165401 13807 1048576 309515423 
217139215 88998529 1 16557 367070624 1024 21387 285425289 567210644 687343913 
18772174 121657206 17382936 58203035 103858432 753917516 5087 122455091 6950 5628192 
4194304 8537 193419072 109728786 65157889 117226960 70037076 540438507 53653622 13392992 
80073214 18247 148625600 4096 675744405 10197 190972992 136010960 251290800 863281354 
863061199 10537 268435456 202396458 3607 18125436 7620 812325850 94568026 33224231 
291431047 96556124 525489170 303177669 4 90148194 678093614 8962960 109203638 11787 
30047 52681720 134389220 18355768 57535927 820491432 18207 229008060 278901792 226234944 
23900 223796092 28527 1024 321564322 20980 8083764 269240790 450889868 450549284 
18007 31690 55848771 534460784 44880864 97009169 116234790 58612464 223527304 495407592 
449893491 25447 30657 7161030 193242051 92442600 139229894 565899708 310467482 131303698 
66821802 288257088 565226115 15450 12639332 65536 344651097 5967 158940606 1041464304 
216551310 281344000 12640 11347 416530989 67108864 1 323129961 431763598 124233926 
137696567 48580224 235013310 121083504 8120 224539210 172406766 257670324 527047689 65536 
18706032 40306068 22453200 8950 113708736 120578634 163140174 391240301 119457024 64 
130669308 290473917 224357170 169963526 24584736 126332192 102277566 32170 166930896 12960 
62958128 282215778 10191360 262144 226168640 645311253 44524320 179152985 31290 11020 
30803328 47631186 14823387 409977288 415258977 65536 563266074 1005492318 121133908 21130 
26424336 32550 162188480 262144 459329024 16 149806974 351053516 148594316 16047 
298580928 599412474 303567282 7550 16580 4096 45691206 488216520 268435456 67536602 
35222408 278776836 299034521 19907 31604158 114546474 1024 574360322 29307 1048576 
68856750 9990 15960 153344676 136689840 411770521 33983892 355880924 16 459498752 
64 1048576 3926332 22420 476822250 256 16150914 73729197 82018064 1048576 
145715834 124688852 289569610 76409424 146525196 178595084 24020 27953726 12030 118193775 
262144 268929060 18523200 32597 312057984 13537 156264470 874010368 4880 262144 
56975556 29410 107607093 754473122 10397 8750 3508416 32170 711604101 38127583 
565702688 16277 40724212 64 108269974 19497 8857747 32647 414507368 12840 
16 1252818 4807 236301014 12094633 27028404 26597 634342743 74009772 3430 
427041002 16777216 60554056 194240244 24017 343394904 1298764 30520 16 190167754 
57176636 82552680 19583497 587209128 377220429 13988352 105264705 4096 2660 1540 
492711884 1024 229599948 434793450 8120 25180 377145414 194610432 89289501 119710474 
12563105 83341797 144878058 84750400 4947 197241736 754507440 188363352 15577 257473132 
458780013 11727 150906848 67108864 14237 24559101 64 310247169 65536 224816384 
149168238 120567840 394733558 58044672 13810 29437 7500 103757160 16 4400 
223664660 140343700 109111440 82288787 65536 22368762 114719352 59314572 12140 107005464 
766030218 394516332 6550 17707 10290 256 22657 31390 647931568 640687248 
2650 25040 4860 130961284 30837 205272144 65536 849572 6490 20957 
467792514 36404706 16 137847284 12860 283994544 16 17667 256 4096 
16 99299648 134240050 73303312 598775972 866856646 31297 1024 111418986 355631504 
31510 314883912 24410 31937 1024 8640 16384 579877248 145362876 346328192 
134449490 53438476 337552365 7507 4 21040 9667827 30757 934151218 25310 
100669556 3590 765899386 228840416 51748884 641822175 164896992 1048576 27330 665887812 
57341088 131522348 20984464 245891580 160 946883406 588937540 362779095 29030 93793998 
466970553 4927 24857 16687 709268742 32387 25720 375876256 284581421 21156750 
21237 607800004 17587 30817 22890 1048576 46904522 42312024 13860 33777536 
625018652 338542817 161878473 2390 15686496 253527022 321470134 360156868 335288382 54929740 
268416315 32310 56995758 6267 25740228 24550 258813606 35916790 183362816 666275158 
42023528 16 634610 976878224 74857014 87127920 639172944 16777216 264018610 134948406 
8077329 653967076 7158060 15560322 443732016 30198105 235522760 1100406 522162284 1367 
152774085 128048412 67108864 12227491 84744880 16 164997756 147652344 92268968 268435456 
6959424 14157 490966210 39654216 4997 65952491 1048576 366309878 86219604 4194304 
108088528 111315160 448564503 16384 189945454 811996500 12870904 232976058 188672652 132610272 
25567 1 541283886 285239240 337303814 31387 506621174 222619384 337984286 13010 
101678644 64 9010 28287 26891004 10571381 319597056 828003128 15010 115699188 
327514979 296489130 500738125 22390 816679038 62946410 89309952 10877 44989920 136970400 
2821896 333427941 396410328 379129200 364728 97044935 10860 59448401 16 115322049 
268435456 370152274 256 343945636 122371536 150864164 66412096 30152088 94366464 447300928 
490345450 43496387 17927 21637 226047072 59709728 229288752 188502506 364893636 43145684 
107406054 7606950 31957 31202718 139207954 3338364 6897 63857862 4096 181086948 
16110642 24777 301167160 193646667 29230 108967299 29757 21647 115659172 4096 
52496488 16 16384 223222512 69222338 29597 30970 78241072 72373295 366187779 
31607 149956692 207114342 82710672 17929120 47599799 134873856 30262842 435784104 1024 
31737 378662718 277272558 17666112 35489142 21057 18467 22879618 123614432 195721860 
6420 65536 14380 280816300 1048576 269602253 306489974 22310 28458276 133236064 
5390 332226471 179896248 443280679 176345169 70639686 394943360 391868360 46299100 568287995 
193119044 3843536 326666362 16137 45868851 751500024 16962792 470579381 371751959 34163316 
342684912 16 22897 4194304 128335688 807829764 88471432 442779719 16673646 7637 
16291410 517765131 98722588 57612268 845986636 603307661 137153331 256 637938819 28777 
42205016 262144 1 16 214230849 833464644 17360 161599072 234080973 22620 
194480784 117131220 79180518 31429568 25947 394527457 97025841 13927 355685427 94403816 
23482160 43369628 61431032 15147 93583974 52838200 461282238 103212190 196517256 467062590 
2240 30510 197672991 120178476 21657 110575036 35487588 433618656 59276976 15887 
23017 262665086 27810 4 7703982 897184755 63572880 431712432 217207390 54646812 
601497988 370421568 16 46618544 81702108 19517 42557034 268435456 1048576 6456708 
468270656 11534478 89931440 243545636 496533840 33665814 361132644 58896816 9200 13881056 
275592372 25400 3837 172313028 516027750 17042016 200116436 651926260 28717 13670304 
261640982 145461758 5890 268651541 543715816 206266720 64789176 32092444 101740924 12510 
18420 3647 257874864 21967 684522955 12930 19790 276717072 256 117614904 
415454688 182793105 36607280 67061432 188436750 42884948 1048576 67108864 134189456 104581376 
114899937 246255516 48827580 14707 13570 2774452 65536 365215752 79427520 12763106 
13000 625765734 5240 8040572 9287 337521507 9980 127998948 128763999 4437 
30287 13107 22880768 30837 4096 67496814 26847 23766264 173694196 446675796 
1657 845759154 342421712 189124750 162377496 563611608 631975688 1048576 12787 10597060 
341218359 16 12237 642109162 257766070 254003715 761393080 211089274 49935312 642317604 
435794724 29674026 66733134 55629443 607992672 346657242 173139480 72991126 65536 265717829 
256 178529910 388110828 150350411 21200 28977 39665520 164750114 5477 17907 
34750904 21966120 221402502 25163336 141829992 46178748 256 36126156 10880196 145299765 
11637522 313774403 29687 5347 18980 182365629 58840320 751611744 6900537 102408852 
209504286 651333781 66112145 29227 374349271 115825627 8476685 13938296 139938656 140272474 
144409904 16 106062572 90656605 27830 21075488 12660 185286696 432398058 16020 
263717124 4096 181394584 35486506 20397 16384 320874767 6500 49426806 30842904 
304452747 39585078 8957 18227 1247 13997792 22810 8955156 6280 208519206 
62569584 48396506 601329568 635889793 397142978 4096 59533650 159059452 1024 21390 
22487800 34552170 5199588 16746382 746784336 342340154 829259868 255948095 29407 18010 
341664024 30390 29437 21060 157416398 453468 64 134785088 85779216 48674970 
31617 535763326 9610 357035688 46060397 268435456 67108864 690576459 7357 806451675 
793375793 470221653 337775653 30870 830876080 18977 304965596 314660335 294824214 65349482 
182428428 13217 6435352 327344054 171524364 108068379 9090 6696648 189413568 406384216 
188606242 13147 137845416 435740796 18597 1022024322 36735174 28068189 6700 89209800 
16 15156057 52210708 26370 3190 48112857 471925640 467216035 430776840 70524916 
30365923 601580336 348253968 1024 262144 286461052 17371824 308009988 982196 16470 
6060279 266008248 13960 50417472 233714202 1048576 4096 61396032 13037 191159255 
87432072 21350 77114908 12386374 203901141 19717 453975393 184414494 123672384 50009766 
756027807 61402680 408314652 157330977 143419248 20 9667 262144 10600 30421244 
25593182 338827872 246978064 25780 18177 220296676 7067 275982618 262144 132576624 
2520 182748792 70630323 275483887 69568648 69500298 10890 132374880 177572917 256 
43894112 29187972 78876078 215341906 61218054 2899380 203990908 254154615 2270 326446302 
278906108 65536 363214760 25707 753920541 64919293 142022889 107323512 506027324 651298158 
919835246 158010099 1048576 262144 22630 476493104 402612210 202058304 236248778 186277241 
445857190 11400 208989109 402904104 26937 624348360 343686174 19416136 25990 281527556 
1717632 2317 20860 18963220 1 1897 12285840 286899132 56955987 154643352 
672204512 443205210 97039623 226800868 58254084 16384 2427648 32458482 67108864 84824298 
50586150 84081672 8197 65536 31108608 276650752 260695560 166422464 164091343 190886752 
16 2760 223738284 161121838 256 437585946 9470 57866088 459964116 14777 
561926598 764717034 510650084 52997952 67108864 31387 270659340 269127846 237547768 304975380 
114650820 595390074 436347009 277158336 19270 137993107 16940 179086978 169211889 20617 
27130 336028392 48724580 59699024 22836352 2740 17521588 2560 100539264 248590794 
721809495 14227950 47937015 22394619 132585840 83365416 240947980 3214148 4 647737393 
481438244 174223616 6527 176635830 283714477 6887 26755388 1 268435456 369943528 
1804712 197959930 21927 1246089 15890 684015288 618902557 142654653 136951584 2369820 
947698596 560102670 12247 4096 329364624 256 1720 292015794 262144 22647 
14490 171229197 1024 555381312 4694484 113206152 256 32104092 858366946 246006036 
362767482 378495864 567170791 220583976 262144 62437154 28075005 132425664 16384 553994528 
31410 55445808 262144 86722162 7297 707390312 2601861 350696167 27820 371208192 
514447914 3910 18317 12480 16 102462002 3784487 95969955 16387 130853244 
3997 350408969 167583895 87702440 1 13304409 990743424 171671068 37947792 616270376 
4096 26047 175103181 1465324 29450 93125070 122435584 8820 27565545 41805249 
31420 147210232 437639984 22297 17390 235522841 60643870 649553209 218746082 270131525 
104576682 404041140 367337548 201348162 422854128 1493160 429351626 14267 1 132778086 
14987 45126042 329128488 3270 100773745 505748696 75450837 123365328 27549214 713419778 
100194360 4110 16187 67550307 832568960 6534405 101528448 24451968 1048576 193748816 
268435456 5240 16777216 36383264 49763616 111514104 59847264 4440 289542948 553172385 
231271935 487840304 243107616 35569644 674237506 141413895 599536230 169336903 643013568 127526904 
23290 13407744 23147 157964704 55104843 396578070 5587400 1 244112 82391376 
16384 223616312 348429312 1048576 396757152 17680888 549658692 12274610 262144 269860852 
420445880 282695514 98174826 5130 8857 127345836 44314020 32040 734634696 109570956 
625103752 3362574 67108864 262144 310266320 159284424 284164931 159280420 30437 793292770 
11307924 401616732 448500054 268435456 26600 448281792 33507276 10737 52845344 709824528 
96849984 6789816 5457 316919081 416147120 173137188 38785176 278086577 244022960 20727 
4096 114325204 35788970 121336778 4096 184788832 73237231 64 15291892 267418920 
81020940 172658304 424620574 1024 63818368 8033844 1225246 471493440 198041402 704944548 
799130500 23280 6130 262144 64 67523364 58148096 13180 733848336 547314086 
420816341 608796446 566619 90353037 27127 872844175 96230570 69982137 149599488 19761992 
276589983 6740 320942722 68419480 366479388 4096 293179216 26090 10089162 183657344 
67108864 17717 30024288 325345446 175952091 70573578 129254796 2020 98928060 32730 
81653312 41127856 50980418 1024 96891244 37596042 272354368 554681169 268435456 18387 
605439206 335681120 215801286 4577 5320 298345562 16384 192093728 176262582 565807620 
82905443 244534664 271207860 67108864 25759440 269723692 135343583 303533493 200134752 2640 
231399252 3267586 1 850792348 65220936 24630 21520 43148860 39449007 7110 
65536 85824290 28518360 1 3420 87606732 76091442 350857292 182355456 429930024 
11870 4 98295645 34954546 64 374728982 448527552 269494971 20987141 170440046 
63813015 6071508 4096 637401170 304737591 22520 326448880 16332364 5486628 71986782 
776142208 401555517 79143428 151309238 77291544 16020 2687652 206991092 232566678 60155456 
67108864 17670 334116653 144917809 3670 29850 461381271 737431968 111053851 460310340 
7748708 344482416 449679719 410559786 254869092 16384 11137 385488 28538862 210245244 
240198996 39370084 60518912 1048576 16777216 527034648 177878194 47355840 4 142622246 
229406807 650495172 340572752 268435456 101910640 835014554 27788264 4194304 374022885 28720 
15627 692100396 294283626 452651712 65536 382741149 320744452 41828124 22159552 4 
338404736 38898704 162287266 2400 854261512 4096 195589119 341011580 47596143 237832392 
3834362 610452513 211008072 68520034 72464352 468444951 32330 34590535 225606498 256 
22666896 109257124 256 529378740 33074244 465165336 28740 9488750 152864280 55757952 
181267020 441236796 686464604 34359819 294905247 21503170 3540 5817 8307 322551438 
24270 58223646 166926881 12700 18817 32467 309327688 10477610 16 30697 
21527 192733292 5201397 540948240 84875382 604306434 30627 47728810 16976484 8213940 
18151416 31037 422861772 8797 23052438 302621632 121514012 358627588 11780 26434454 
64024190 17110 531867546 51605472 33677412 95361788 9050 525624960 141969707 27248928 
287897961 205155898 281968038 16 28560 48718656 74894060 77233254 399940462 28561788 
10827 16295053 22917 638533095 17795668 16 227187352 755167815 65536 30086496 
512576726 22397 48448062 68797686 18450 128391584 1048576 167189617 30350 287626264 
17392320 1024 164405779 10370 67108864 175618872 19291668 10166376 88680876 308677131 
122949576 70816928 601744632 256 28750 3229848 48122217 73998036 648678905 4 
15560 29517 775193741 428858898 64 53561232 317108610 5126688 6651855 31337 
20169406 29477 6377 425505343 17327 7956764 238977193 16384 20990274 59375281 
162158776 223469888 16777216 213100189 26948812 174109016 15333374 23710102 81274634 293496580 
31830 110991720 427867528 265184904 36250536 19440212 540570868 205854892 234649753 262144 
66914838 882204232 194922672 176249966 332860736 1011420631 46214600 698284002 345940416 806373342 
143431184 131828536 18430 18659797 492319226 256 11317 24197 237025584 822768 
110516147 65766945 106765664 249408120 72292572 215660445 64 16 16384 823255254 
192505203 1630 379548234 91437676 31237 270524390 163462167 26570 4194304 28184728 
609331660 151456656 13490636 594888 21807 14827 112629381 21070 134689632 345862178 
214468410 170565437 368046504 553481212 258315552 259409528 138346677 72237352 196123623 138198372 
404504058 19657 152564160 50807729 147605766 30327 436007862 203364644 504527343 439049412 
82373540 88485408 31047 203608694 343152936 179243511 425508046 159876288 23957910 236695488 
73739827 23640 204373660 1024 238200722 119880705 130657072 7606828 406672302 277863096 
35456604 495687214 4457 16384 92171508 98000752 136240602 284108353 67108864 256 
4 520 224880384 41040512 159881148 524580717 4437 30444598 20154618 87567039 
57496059 35118954 192189462 6380 23857978 12577 256360410 25997797 177104625 420712158 
217824936 67108864 105202088 509117466 23890 23637 28317 28287 117064178 19890 
48829131 138637933 119383572 103691458 91379431 273311496 64 215768256 621257462 65145174 
107672620 11612512 28467 49491452 1150 636030571 16 32579976 3387 307268538 
259219476 406740522 4 265251039 227659450 410093988 82651828 19147 27217854 128230320 
1048576 27240 203600412 286980276 16777216 531442462 12760 89899260 59625436 4194304 
359540672 3937 53428914 312968203 370210940 153222980 253221114 32466148 222201798 268435456 
770389986 128232864 6490 8562168 86169496 255170894 94156362 1 16384 8459715 
1915488 339211950 41982237 337564629 707 27157 21677 29264118 165909876 158305829 
2883384 29887 290431584 631825104 225249488 67882770 4858860 149573636 164203772 111032922 
154554312 6230 118775254 402247706 262144 531676794 289478046 29470 200930431 57882924 
366563802 300546162 9084240 604960361 12527 675284421 33929508 29237 501016035 631540572 
52372092 107414580 19289054 207037492 597672980 23797 26967 850486401 35071218 65536 
330792058 31070 111451109 12989244 679919856 25417 554672021 265453980 136421712 9647 
36240820 14780 60700835 39510064 3697 372443810 249632747 1110 6707 16384 
625334346 114428160 23250 340870194 208375932 279496065 64 297590661 151485766 3980 
325159956 41116572 206044246 328868541 387366912 112034408 111181360 170978423 15420 117774878 
22357944 69686880 26489078 39756816 288489825 330504240 159725115 33042652 222667122 26060 
209666304 10690 746370141 13939058 331774080 161347032 134893558 13991920 17907032 27540 
132655122 4877 481384512 523025516 332977394 206501012 61579808 174129556 173334210 22290 
86146368 4997 177613848 152075944 129425608 139928593 28990 26217 16 116269376 
3290166 406374450 1 394797524 623417835 80889054 16 48874710 765080690 495456062 
32120 460661728 406393064 170332384 199133550 268435456 29547 30560 274128624 121409216 
13900 66746160 379380240 457641809 102229668 240461460 152275825 695124609 72754355 399508884 
128438944 375237084 855431579 206665120 87832170 349496158 1 27310 71643928 9107 
245992568 1048576 592601214 22580 25867 444250276 265353408 628242660 109750592 109550551 
316014830 230577060 211932864 49398252 623701431 20637 37291678 6280 278751132 123876704 
680522997 12287 126518112 404501592 328124737 690424548 468144765 386954556 32377 10443510 
227862144 118278952 203485144 10597 102083870 4194304 347357454 89100472 108331102 435199350 
110407110 25140 4 4096 229823106 177410486 27387 178760496 1048576 48108864 
529719870 74172415 8645028 116125809 465579 30820511 550930646 49004473 16 5860 
627234318 16 176642851 301192292 21870 31877 211014216 1048576 39665949 610907478 
16897 722993814 14627 138986425 37306368 67108864 462942846 1048576 492604832 17807 
288092925 111692856 117587776 92578369 22177830 56496272 723232036 77794500 26227 840744250 
16 28987 10417 291506404 332489794 16 124088832 481573188 80669694 7425366 
16196328 375691330 563644026 6432432 6700 346838016 16777216 7999488 18376324 50873108 
24230 21865022 167178256 92548908 28047 18298524 16777216 770567319 733135776 27750 
55473600 16777216 69432969 7770 19940 64 1 78852702 67108864 4096 
22720896 1 139615974 4096 171480602 378413861 33004146 240316206 558853023 4194304 
21916446 4096 405250468 33133308 571419765 26120 242813764 415989 828259608 219571317 
300458262 13967 37655500 256 208791740 31180 414246867 29285056 151907444 54685152 
277 1 2369836 12156360 356796 26840 4194304 16384 131717016 568609008 
181159905 203176482 27918114 16777216 4194304 28237 350729505 4 6757 600636520 
41343744 199549050 29070912 51134630 14850 353448662 373600696 267013992 195198704 573524546 
9720 27397 378575088 345080736 4957524 16777216 47091128 12757 595597236 172973520 
20500 61824312 31452666 88942272 21760 16 47 312994 41853994 26200 
245739312 119298671 268435456 262144 446978952 31537 4 267104091 287182324 300558086 
32587 856207108 6209614 159932044 154854179 94684889 29947 544568661 205397664 11827 
78591058 321671636 92500512 362171040 11795634 11010 16384 1484872 306447948 280593017 
12747 114877400 22604239 346425816 672861537 23212436 93297408 65536 268435456 4 
20367 67108864 309549266 116388612 301348432 489372696 60370137 6896169 982934 61198757 
15778837 2365602 27185220 21040 9798380 4272768 18527 703417754 910345546 743762357 
329430771 11190 489803040 126028474 286300100 16280 4037 17887 64746596 652930761 
28440 167920142 186829698 25565475 27880 324553114 25707 25997 776025236 10740 
13950 576178033 189112956 7326862 23910 12977 16 30600 297607038 3848944 
323685024 24740 631783596 156472032 141459890 10017 219885393 30300 534698472 9350080 
65536 100803510 1457192 169707864 268435456 10967 102415010 27220806 27300 65669358 
18887 97314124 16 17960 153747085 20867 116103158 279005732 25991578 197309729 
21080 16867 116340 43803452 143415410 386236872 291842135 38519480 13940 1 
855370107 126054300 5723472 123759360 1024 61166016 1024 23220905 75978607 321730146 
171050816 32697 1048576 12441902 820 22792557 3346174 182614824 3480442 643691808 
214009986 110178360 46489131 10867 268435456 720 9669348 430786082 97775990 4504808 
214719000 32750 109163376 38008542 526563654 30557 860319346 12750 45106880 204814476 
18707 839852 16 88023122 9357 344717313 12640 99748572 98398878 99570512 
15220 193255272 10719704 16384 217015592 497630214 850572772 213758356 21867 4881870 
24381297 222657552 598946385 279400502 445565170 4 4194304 180879503 12640 900877962 
19643928 13419920 98252537 44069376 16967 17570 31017 309330820 181497372 19857 
1048576 140871032 41106153 31127 66565794 20168638 23027 70351117 124955520 216042992 
62859136 34154232 784580368 31420 3801159 612402212 359549424 286070106 4194304 52495898 
7040806 7704399 308340144 105067592 402747390 1048576 244205996 21594033 128262097 15737 
333417516 491136952 21357 39882224 64 59166690 742734772 611752946 4 746816808 
150385663 256 66908961 76188489 340478068 5860 2846368 105160692 247973179 432487188 
149191524 359561169 149731568 3190 290628 146171628 26743860 25106202 23477 25938150 
565354874 245929611 90658932 204189792 448314675 12480 8977088 385073166 250209024 20562760 
173222012 13220 75918260 631815030 73047600 104199458 4820571 50372768 268435456 121988812 
439518459 49789164 24437 185890020 2270 91862955 4194304 9724728 427470966 10889984 
42760360 46410144 221491960 30887208 320333712 202834672 14407140 23880 28860 30700 
29927 5014719 11350 61954862 159468668 4 158654160 108884412 235386072 1 
819064301 27837 144561528 56485767 24630056 14213610 26400 25080 153399672 338235215 
272206054 86113164 19320 233236944 1542008 29877770 740705904 299436228 23823366 31739054 
9160 10057 612814896 114227356 21850 448314529 230209056 6212448 127051098 23050 
764230768 295347013 153198852 16384 77363793 15552822 389602953 9490 140266941 21490 
21607 252070602 5594072 71407854 341590848 8570 55462104 388271424 6470 23297644 
18417 19250 230870512 67108864 179840766 335877636 14960 4 503844173 483837843 
333785399 15150 280088649 904431641 25219467 883088934 16100 108461493 16 1024 
24157744 774161940 239878760 1 31277 35927304 641433121 11367824 295877326 1460 
15820 301491294 197318312 16384 238024914 151399101 14577 19947 14089824 727413759 
25612171 367670802 700717329 377384917 127346208 241598244 354300048 129272143 25610 409471069 
608566429 21780 176167278 95495680 241128734 3611520 432434934 39130220 29324528 67108864 
114580466 125854400 250391218 16307 131553126 4194304 75223872 305040736 151232182 6047 
27930 8277 6203026 76982220 13127 1618088 53945570 1883572 660860978 84444690 
114701792 109460484 172725504 379348384 6200 16387 1002946518 35488214 980098 484034211 
34019556 79602894 145403232 118621902 149876727 268435456 261362252 102792744 687692300 56182670 
535676482 16337 12927 216025764 4857 21527 255037152 375653712 256 430110120 
306101016 456944312 99568014 206115999 27627 433027440 77296348 317808540 311356660 8517 
1343574 23048672 9467 24480 843374972 297989790 4800 19347 58641723 68723175 
4736730 100667428 1 6926853 199140102 2198096 107045074 24066372 214667472 93637440 
625125781 64 57987510 40999674 27207 185898234 29000 6988760 22281831 32370 
2760 10160 49027342 85498530 14660 500825831 130221289 17614170 109082740 644900352 
268435456 25037 64422748 116427771 454517420 70655177 59532648 81148768 153740144 24500 
446109300 338326064 108537386 262144 119395417 19777 23082885 34182800 386469414 15550 
362342288 23360 143410146 267837960 16950 4194304 31490 295472898 123298023 339542404 
108918965 240092698 5500 25802940 57369018 45476862 13367 15140 836219154 239630828 
23000 50555792 192803310 29240 187845776 21484716 95829922 1048576 29349280 141573404 
13490 881064800 75532912 21390 1024 26037 618717216 221922040 188333712 242496342 
640295111 437253505 50714070 22707 417952548 213952836 119794737 41780280 185988992 25517 
41925632 95916018 64 16 453316224 15427 71262776 12284272 259369068 171283404 
16384 8525436 458099103 150190032 280205844 2157792 179928336 1024 235037187 16 
16877 28780 608217024 608657433 372828391 4194304 1 749143728 63803862 78461460 
1048576 443063592 564005667 5680 213336063 107179332 262144 173809368 81937856 265205805 
76928402 65536 6600815 63836928 400400102 285040977 84502528 28080 70529454 352929810 
89056422 108029052 3840 165192739 293177542 94277563 16390 67108864 136812957 702899736 
1 103305996 306630424 124667984 41303192 375409613 300232125 262144 107 26787 
31410 16384 9718602 13017 1024 70806582 68293488 441267246 16 59674230 
258684335 743699212 55519124 9179991 4 145434124 25880536 19217 180764486 4167 
169672320 262144 166201087 460878054 480250000 7770 860898294 68365667 28270 514630928 
118877632 132759 827347668 21666804 13087 286042926 61958208 521922636 5337788 187461768 
16870 180575462 27239220 246906288 338743944 3667 266419580 981511182 912151206 24030 
14050 64 28287 70661664 15480 16777216 8500 157885398 29436576 97988 
18407632 30827 187926459 500789615 5924628 252289752 11810 356105040 22337 221934592 
120276002 29468430 21786912 56653972 28466313 336383616 119920409 5100 4717606 22040 
133451057 116854827 517466754 18127 10537 607929707 32670 1024 52632024 30247 
30180 75059602 13388700 1024 130967859 31994872 115797042 53322234 216368659 148003488 
19650 22820 561190542 28157 120967488 123487401 201026620 28690 435165356 65536 
155912631 41681976 67839811 14580 110255136 1003656648 80885002 366043379 30200 815557932 
28290 245702792 256400154 296648748 16433442 781305068 404945530 57702735 35810428 20056207 
115813935 259965507 16 333779448 558626278 296875437 258376316 252659786 20977 64 
213948208 507214696 299119249 29747 282560910 568087194 97480348 16546700 99274248 115211344 
134304345 21886184 9270 150346086 20717 285278778 288704962 14597 24387146 31824936 
65536 42166956 402260273 89133240 580139692 67108864 268190193 329268632 14250 250985736 
67108864 9784096 173935584 49289558 4194304 87040348 860363296 182906856 68181652 527147153 
378894451 197591212 63722032 44414796 119088630 32600 29150 4917144 88054725 532963155 
370510560 315231708 116568255 221954892 387113916 352132612 159906676 4 206950044 25260 
145586012 117629424 88828362 20990 204162204 12397 52619516 15417 43009847 4096 
61799760 306118694 274030400 291123024 202598184 13470 4194304 233157463 184093848 410312221 
61565146 2454582 704472469 98570856 4194304 113524128 704580487 148307531 98597280 4096 
518175306 728641080 51802838 22747 163557808 237364255 329543160 526168608 31690 268435456 
230508392 497732812 60813016 14657 65536 2407 11927 359681634 177561798 64 
335089272 16 345018039 121412266 180471042 440446362 197453262 19307 22657 66121776 
17754219 196241408 91006149 57765966 142926168 346677481 394069240 299319302 25480 273548664 
280003592 521956548 8365456 398164440 123059040 4999944 21817 523417086 16384 268435456 
40665702 16407 31040 13997772 31750 244233812 17070 5547366 194794128 311797775 
21720 1760 6557 399636816 388712722 66025120 236991586 65536 16880436 163462208 
21589516 618882836 1210 289117944 34908539 325734296 183498186 454981260 10457 577515483 
879967465 16777216 1048576 18977 44131020 16777216 256 237467931 10200 16790 
629278712 38138526 430117006 648433907 25347 210504988 6804317 82206772 176189064 2747 
1430 572227710 10766604 280353141 463074836 21837 848473626 301715448 3350 370974087 
87790230 1370 9170 16 610076922 64 23380 72662016 16 19337 
6830 4 21500 878522294 390878568 119035008 414654006 181215936 40136868 262144 
4194304 12250996 20717 187844651 20480 14090 76722417 200122816 723336929 180241333 
270805370 24170224 13474080 23027 242394974 699489960 3746456 689039769 203775602 17872426 
620897229 166738176 3700 172252696 385893580 67108864 113289176 109266435 323511632 166483656 
64277856 86202996 286824656 22590 3859485 1048576 50760411 29157 68654432 65536 
16777216 27397 173180934 20997 490172622 137999232 219434985 117754842 52483788 351704121 
138841560 28440 14090752 268435456 7547688 24840 532564288 230644924 41336094 769208264 
24099952 84779653 8927 8530 79962222 105591394 82351808 46630290 346642 30177 
8970 31030 3360764 219581556 5317929 20594431 7327250 137104968 28657 1 
31329514 205726836 23267 429385785 248615620 19230 59877916 263877640 417 333664358 
207967639 17157 248962386 119081530 23769796 267678536 24100 229916128 437812340 76261122 
703243302 7140 17430 578774895 587240136 5313954 127811904 202856728 57252966 280047823 
919415301 262355204 23343522 236316336 7168688 15182064 1024 205986537 9917 127288656 
557617459 16317 153735486 25750 450712812 7822528 17140 275597046 47101429 4194304 
191803289 384309798 80825808 18820 268435456 4487 206884260 25777 620 66878640 
25320 110369392 24069736 696155502 449251432 193638947 252603796 164859376 216975 405484288 
936171763 201570502 4 16318344 257359843 5890 55205288 16 188676980 629605749 
209927238 23590 16527 4194304 150974988 206187084 231581757 1 9255774 44754618 
27637 369542007 14090 31697556 164699056 30607 228965792 431806823 2029568 256 
397398538 85647438 49876736 70215406 482781918 643281248 294322160 390049104 66346158 617213797 
39940992 47801841 3710 13947954 492109692 572262424 14817 26060 114876720 425069883 
1168398 25686834 256134927 300254964 78178048 12714000 7670 534075048 5847 230903976 
367714032 622830420 9057 28047 26530 16777216 26267 239705136 770 1951236 
23270 406067690 47722766 4194304 499027051 171890820 627558240 6381796 719826912 25817 
124348695 110 154456500 87240938 920311740 96843832 404693556 379005312 110278414 457873376 
347406815 19645393 24590 26997 69282444 47891158 640 26630 4194304 279870957 
169440356 6317 14972256 304764696 11260 67108864 20867 79030124 72594704 9465071 
271635571 257272258 466668445 20294505 107 67068672 16 22437 16777216 4194304 
26327 119890866 14417 4194304 236385777 290030754 315635040 17662274 12347 272015362 
17250 250224684 16 335218368 45624562 323403522 28309038 462293568 46359864 340231458 
65320698 801548622 28794906 413207385 1024 26487 4000 109209978 84955302 89519506 
16384 62029968 155470695 366138720 493894566 16777216 520706340 61333584 71424952 276353441 
53716334 98745936 443321693 22907 11920 45235826 4096 17560 375694957 415020480 
136871462 199084424 926136354 4 4747 763076215 111132528 110135970 124442466 116719083 
4096 184893797 5177 31087 192850196 242448472 210165006 10287 16777216 16 
163338616 14541912 103695416 132462498 221366256 30667126 27567 542965200 14700 461164872 
20894328 379436361 4194304 386755600 14130 72209972 179312 623979356 25655616 386391672 
27987 4194304 266089200 268435456 454331800 15552110 12167 137343360 17790 23542944 
16 29770 198222784 1048576 121495611 312410533 46481536 150048468 287109760 621653179 
27927 49956808 4096 16384 6720 49306144 176472088 498524587 24600 609161523 
509781914 4096 286710944 250599636 269449559 241375446 31187 85380265 868330166 125559246 
256 880 4194304 12821736 16 14637 223433868 28970 78208704 371012565 
338432367 451805238 363652576 17240 63660526 327924036 176358042 505411956 384141979 209410036 
322401519 140843157 224185654 88509620 210321100 29376028 15420922 16777216 22116796 703561544 
4096 610204 4 12010 691628804 5708200 77798190 9712796 158577648 216373409 
25567906 29557 254074046 20907 384214383 21227 262144 408120608 785474802 31520 
301991256 893325444 588667365 65536 177887136 17692238 412673454 689297224 25270 20132334 
168575050 4194304 65536 30300 20 426084396 480948144 235643762 31311306 16597 
157959318 345578860 478638953 230405952 386941305 15640 25371829 81667782 34603741 77786852 
24790128 102092517 259080672 580938148 69638306 494386690 54080320 251615625 15583542 71110656 
32090 52882711 537204357 47238336 9617 346521544 301327692 76902552 6511896 3967928 
52480812 120869388 235136628 23177 13927 28637 179791612 24567 347811468 88321986 
694659834 30760 32657 262805907 478342261 83170737 363235040 249971386 60215720 114001728 
230377518 31167 10437 7971093 305786760 16 74889443 221528793 1197 329993739 
400452384 77341848 533972880 142029789 315629681 7663642 61953372 451603249 20510 260118412 
389462001 661180585 268435456 110010411 101061711 128487777 21930 370393317 16418990 111120417 
123326920 16 281422656 107734718 16130 81559758 519919914 64682730 19340 462895356 
217113330 336946257 268435456 68823031 20 29775284 307355746 5676906 10307 7952448 
2159856 16 312080719 24987 180578520 234162345 202231779 155349212 200847230 377884359 
1 9066254 27940 1 16384 19020 18880 230679674 17547 138351636 
280493857 19260 759512586 24481690 28097 242707895 275388174 121169037 568270649 278400954 
110781760 841264560 70794157 39938314 422073897 27103158 531796812 850641096 149979735 13907 
115120348 76802676 591240981 77851274 1 165094341 27160 404198856 256 14848348 
64 18606240 20300 267066568 420870060 82598880 126440768 12824084 59741592 4 
63004704 1048576 9340 32167 17103744 7012800 5140 170 24869578 211373784 
588735697 524605482 458959662 147288544 67803656 133631686 309981672 149325930 135993720 101129030 
11560 11297448 102066460 41700503 510542 5340 4917 271435893 221901084 9717 
14050 10922340 4194304 142739542 13807704 126506664 84467868 20750 254810560 383572548 
21347 753052786 65536 9842136 1 684708240 2726607 1028803944 84561672 5140 
936289679 146557762 65536 631956 75109334 693218304 116051481 387320232 20127 30360 
32211270 95630790 160880136 256864360 4 58895824 1024 17258326 61494545 437676264 
327265668 108565348 13647 65109768 67245552 134549331 208187599 7767 323450386 2167880 
31750 254846202 514044882 16777216 579360195 285430047 4637164 16620 249443848 26680 
572721536 25155954 886975620 617216680 4392648 141290250 299550496 7087 144755708 211535341 
6149202 300580952 12440 378291863 928202984 3697 326115088 57584216 87478288 22817 
4 70654436 136091522 579567072 753977532 157752510 20197 4097 94472978 668966063 
12587 144825227 11770 35779926 201828744 9240 34213900 178658410 4771305 13820 
287292420 54812428 321426378 234592432 138578688 104179470 55272388 24253628 79200108 20447 
254014068 376320357 22210 207950184 6316626 268435456 252537852 4647 167640536 379040563 
8097440 8270832 1024 957 226794727 617509080 262144 11686950 513311100 203287224 
652584628 71460456 399749805 365204115 24077 901329042 88760436 74265048 22046136 406786310 
339172218 90507888 21914301 475648488 294716936 647030031 6707 16440 29007 280355112 
1048576 3915520 16 124770906 8200 419708164 176407928 56883232 275429 72551040 
29527 146309016 1048576 94380377 2288592 379930257 20904048 58132514 3761868 16777216 
16957 34082022 783169076 9027 279300744 65536 575491163 11380 247 361101004 
24740 65536 8610 134948534 16777216 8367 368473280 15015748 133845114 711338777 
68367931 623591588 301675968 398437744 879748764 71360261 28071722 541220282 5440 82994258 
1400 825159322 117076922 190834248 64 28712479 694404399 256 86512878 329377176 
252271449 324942504 215992336 359427250 590866429 290165891 88836732 497756481 190650667 13917188 
240286344 23647 113302356 55747608 195581778 208698021 44392512 197408994 16337 52827180 
13717 34363686 256 65536 296262549 17947 302272504 335875100 4 849469768 
143123400 410303990 76898040 4260 205195796 91198118 221452132 21030 113842439 779039995 
66690408 151326415 223329102 635328184 211539350 4096 662546977 171435132 12677 15037 
517199150 38796510 403835978 372386909 47085038 315375058 314505763 795893812 758858617 21885032 
18017 162922662 23373496 76339480 467442948 4194304 8684832 256 157329898 425944584 
87521923 200458368 32240 184014116 13946478 67108864 29823646 25426352 4 2532858 
7290 133811220 76890040 164644437 262144 42830958 21193592 16384 262144 1455552 
67288502 4194304 318831060 25200232 255730936 16 3137 212412994 43251120 64 
108488215 623639536 204964380 8910 48335275 4096 16777216 94186120 479672204 14490 
232759400 936656344 30070 383548850 22817 67108864 37 115405048 256 19465818 
321289443 17977 593953472 15887 16620 59365852 59536820 1161986 99016323 82863864 
339175053 775078824 104591304 60454592 403181037 17570 380445702 226401420 454492940 541077592 
55775409 157920282 363478683 590172576 736288171 3657 4 469990008 17457 106277106 
76508730 69386520 512473185 170666076 904589984 67108864 35430850 73525796 591491844 75148884 
205958226 1 84491026 17137 170025513 541686808 262144 508365936 23257779 688483056 
428465752 4096 121921388 32357 9419288 138127386 27450 268435456 4897 40430580 
19690 262144 368158824 56613258 21477 237340002 268435456 1094112 110767529 685480320 
1024 418656693 208156704 12340 163113696 268435456 13240 9397 345642982 30969168 
64 16 22907 19217 166094558 410881878 710500896 22830 1785510 28297707 
118865088 4020 18477616 302615506 50832945 522871723 323687660 327892656 118194993 1334628 
221107942 437347416 174125322 483505446 19987 208079152 2007632 420798860 1370 487526936 
94511508 122919951 86169876 256544007 356174596 36528070 860077161 4 38116512 496653864 
16 404103063 398509510 159108060 28197 33783075 14667 747940160 61312958 336398376 
7587 7687 465323859 15310 8989512 23307585 646345848 20867 315907641 418456752 
484717987 16690 138645998 3190 32890528 198445392 16 393722784 349573554 31257024 
25070306 93597086 3144294 31327 3261401 49394340 4096 247853366 64 117 
311137274 241812240 31600 621280328 20210 189334728 398711808 20837356 29396400 73392631 
256 20547 337353880 129187371 29253882 29704592 16297 25837 8507 220090032 
69502752 417640959 6980 262387290 16987 518534034 677174274 1048576 129237456 27147 
4 47782743 985852 51520368 26127278 403428590 16777216 493614594 41166096 25401740 
67108864 27790 67108864 278920302 29157 30177 22040 211639428 85718280 2066883 
219055042 100988850 480233062 198892452 13957 134466876 17387 411285744 593253243 100501688 
67680065 395951886 224749616 6823824 94484181 58072608 395215210 219445548 291548144 23877 
11367 55207914 99108846 30851128 67108864 16 25800 191867904 147399272 375061598 
24480 1 42491652 805816524 101103876 5117 321243494 743231167 533477187 258464097 
824520861 198442296 409976427 7647 185515588 178553870 34571677 4096 4 197286804 
181221084 90598032 403444926 2277 110678701 301551040 251459912 243942839 74977376 600031236 
38518536 82687185 141373617 386130920 17804934 28402494 430238448 1520 105602244 294612227 
446401192 71203472 32375910 136266000 63115416 184650525 152464240 284333200 176286159 95970712 
25170 4597 332342640 498966440 702443898 28370 248858028 259129767 683071891 392036086 
600059124 594757878 1024 21507584 12790 2269494 4 173053608 222419296 24388728 
354693498 317387994 2540034 114653360 7144344 233585049 62300830 30357 30537 155768980 
142529821 317135200 95239640 634165246 32177 111033692 9155795 335568056 121853392 1024 
23157 123707760 404209689 6200 230495760 67380312 9670 59085488 8700 232557234 
28630 300230091 20903638 106399358 536626080 119932704 148057308 226594914 98594368 329736008 
298958544 189475296 159782460 334311952 29660904 290352132 24775019 12500 300379208 43747970 
22698000 1570 22807464 21910 491183229 27697 2967 3717 1048576 279618090 
16 333112191 5187 153586728 552605202 110053333 113886108 125769680 31370 15788080 
4194304 24057 104217276 131954562 557240178 182531708 193294444 59594276 2867172 342956224 
71844182 67248363 93581782 16 396391286 249861248 11927 272704530 115116 292262503 
31073511 820451976 25927 271865314 166930017 354232236 699307824 815010090 117877632 38758068 
31221097 13250286 1617 66121680 10877 23389488 13117 22160 31933968 81857604 
117805935 676319168 51520326 134396760 23739474 1217 262144 317601060 1 16 
66858120 39331782 15277 433294931 700005884 181404222 336805217 229604778 198458990 348516962 
11970288 715110935 326169756 6817 10062582 62753504 13257960 506850953 27877 323424482 
20701344 12537 429363480 31290 76768426 14197 65536 129276602 245286211 122698238 
7859532 177124762 399728940 326593536 184160910 24318994 329183361 434627984 309000778 134482788 
293258434 638845871 97844778 14160 490598742 25670 163715706 549729845 222339617 304712506 
64 1080 35571593 29907414 98397105 383443344 207341120 1024 37841998 87029696 
24252258 11800 11853756 4798950 24668240 469725137 57861531 16 256 10066817 
27240 56626310 8650488 79565031 54569737 18610 180860760 21767 9967 356045172 
25602737 16675365 61573440 4 27687 798641334 19420 116525390 26219388 268435456 
21847 48001548 273446712 189242816 29540 17917 42420711 200335060 84782428 284457828 
58782448 61818036 102863998 8440 19323780 122637329 300561142 96666021 41544832 14887 
19370 891044350 15657 74406144 4194304 11960 59865568 210339632 2480 27827 
754298136 4 514699246 28370 12034668 18277 244629990 398473536 85151660 21597 
65536 130548060 255193147 47637408 4096 18048282 10057 16777216 51790016 193099221 
686790004 67108864 5040 16384 660812710 268888284 2877 1 151360680 687613472 
223857924 22818158 80537812 276429360 18767 46646634 256 798605632 12650 221625299 
17710 1257 267620784 28807 518495296 688279940 377873773 8147 65536 31860 
16 4096 131692404 116569984 181697804 32489340 153584352 127862413 57137656 22300563 
6430 8517 349378128 19747 18055215 946739084 4 37579035 29265588 321311828 
9406054 4690 579160206 5217 23690 996677822 842479236 14487 220946241 27945126 
9221880 43007836 295462188 7427 15437 17940 18256896 643856479 27777 577483777 
461680320 267159924 268435456 4194304 811405965 14530 28227 88485030 29791692 320753790 
14200 313897376 1024 94083933 4194304 60641616 84145810 997 31207 292077744 
795880781 34492636 60108511 33056991 19367 180982657 271304715 808643486 47796716 51787824 
16610 17197248 18657 151692360 355363962 21910 37107004 135520376 16 245933886 
335773648 210038958 26987 28757 263353773 154613668 95080158 13440 5560 162420056 
108972448 10407 27250 770889774 129273408 58701060 153862414 139637082 5850 8360 
78912372 534285212 409335224 4 123469754 26837 35737216 69526149 342182216 99853110 
262144 336798567 183120528 316300248 121619879 142794288 444318732 147832306 155631952 4194304 
618025320 16 210358272 14317 14044468 473830630 4 31580 11939580 729502686 
309776344 63120530 13417 317759414 430590106 250784157 187296468 58627678 78164968 139579928 
122412540 23610 89661572 18206166 452204097 17837 55266288 211136562 817890810 129584936 
186527583 37180832 16777216 364400784 8755398 598729978 312793285 424605792 636967230 5590032 
130252805 27177 2170 192149607 4096 6387 20797 20560 116672229 1048576 
165277157 282123326 415743174 155764336 1024 99904732 136986592 15947 387636504 146635568 
2967961 401751103 82212080 3600 99609510 53071200 15595426 79079394 1416984 372439647 
63779497 18030 165286167 32570 390533856 143867218 31166464 150079230 297828096 4194304 
52992882 268179072 16613748 344913612 67901436 261394971 336629061 14470 18874269 20967 
14707000 4670220 651776307 148889076 15720 82273344 515283534 29320 339597102 258976920 
303549832 34481440 268435456 9630 64 23580 63885294 64 4919564 16 
46055870 37425094 18840 13007 299552304 741897128 69312352 27527 262485712 191693328 
68960034 114281746 830546758 13257 195412071 460195474 20787 166147968 210189102 1019407356 
146722560 4 4 64 1610 13331763 132922664 20539211 493191944 19693908 
330408430 6067 86293116 688616853 251069338 87758583 19957 73045056 30950 5927 
64259592 5780 170497640 276629824 39373488 90394036 823666452 22757 642537628 546447198 
8349431 82405048 451144512 578009089 19877 22397 2367 4 2408256 6917 
181070559 5299644 407128446 16777216 18480576 32127 147075036 174066556 29687 65536 
312991965 26917 67108864 43339224 14347 257456262 4194304 22559526 203318940 8950 
4194304 2677 228429180 16560 139489371 290699067 57796112 19140 268435456 299319648 
71199729 4096 530748536 796070130 879608118 21290799 22607239 24760 21717 159788043 
125006078 180417336 2400 8833426 35341317 291669858 27970 557624000 419476834 1507 
191220016 174268322 455473719 6690 152862831 10377896 372448824 256 3121353 102485586 
723368646 136554764 487774272 46042288 234344480 212861838 25983298 43663648 194148080 1644062 
143273272 398350248 718256487 55545880 308463813 29027 14090 29507 63924066 8167 
297536254 32077 116200181 76052130 87139828 64 259796088 1247 22130 174500393 
267470701 79207968 126467712 25357 11407494 17663882 48414221 1622376 82858296 377365472 
13509222 2520 147047400 515906544 16 547274880 439218036 69777175 13297 3221199 
102446239 489237690 840363297 369508689 61511022 17440 104856102 200365248 41309410 4120 
376339918 177199763 60909229 161579934 196994392 133261485 369611904 23687 419738137 240216222 
196719543 274365960 305139045 8647 16 23267 106045983 343483875 68688684 3527 
107886063 147652848 165566418 19868070 201945845 44112042 267596217 873854050 47385024 16 
27227 205376655 111668070 259120773 216189840 84061549 17450 347448647 15107 396433812 
142848132 235198992 10927 576529568 696657416 43955418 92884341 4400 2790 136450746 
65084448 17090 30785928 19803726 20260 6967 4 37056188 4194304 128145036 
53481849 361341026 75369316 21577 258772402 49014604 24207 159033952 30312576 28887 
25797 14758912 256484426 231992211 1 39697944 261911091 739595283 611749106 227290798 
8217120 8260 550725116 10676808 209518578 683970854 347634962 179062134 239463536 160481655 
343401538 317627898 159907944 497154944 166056696 208004286 1 33447855 47 969220714 
67108864 149098222 966657 250375233 21340 467605503 54115344 370475623 34859752 230588160 
11387 102379135 67108864 175382064 27652744 30567 274524117 123044625 222897861 23487 
31846176 13497000 97336008 4 157640729 6067 18007 277528655 3427 48723227 
426388914 242385388 64 191006322 284574620 312432706 587328126 613044254 67108864 155379524 
130 8830 256726188 200392492 35976336 323647632 21337 500494700 19900 152262612 
80712623 309228776 1024 54022364 188838741 206007828 87495144 321931494 85348811 740073826 
171803338 152112672 6530 54411612 833251953 413798913 1048576 555224220 115620969 134766324 
74510848 270222418 382307354 407049774 65536 750810696 123575792 1048576 18187 127424374 
97603362 382605930 31180 92969512 300100236 7471992 32160 146693984 215550291 17520 
396030704 251122872 16 22228046 451414972 15827 184305776 20650 403456917 142518582 
15610 24774750 16777216 49827472 327870960 256 536420567 276675042 28680 10640 
21710 325139085 228991770 65536 405419664 16384 12617 105874704 30820 150369738 
146182974 21370275 64481364 524843841 222645304 300303056 11392932 292225563 188689298 21113456 
400568 257112125 16777216 369814930 226448383 257928012 180762768 242777288 30787822 320134280 
466669982 24050 14990 70274900 16747 120633978 1048576 170284062 67207212 80925720 
453533178 35713464 9472294 102646752 78519192 11007 550957251 396724976 16 5167 
24117 78614732 222400784 30790 281793798 3550 125698437 672119560 95030397 12317 
74797367 67108864 325050198 6487 100354338 4467 7857 6230 14260 127240432 
53527716 84609200 27497604 28400083 625207648 326162633 55942259 1024 4096 325576707 
171454205 217580688 4194304 296184710 384604865 44146820 7520 286276800 14201120 20619764 
13857 340 206706954 122245200 268435456 268435456 16 284431980 613229232 11937 
13347 217531424 25147 4 105899592 15780 8820 569602725 10393506 276468354 
300421672 61702704 220126536 528743589 20370 260436528 37239168 162951063 6731812 355086732 
56161534 862698628 234220710 29610464 529760618 418689667 6520 4977 150730648 35990013 
136594836 157 40582416 93224404 58551907 276555797 32157108 547966044 131879880 98585373 
19063404 68614584 26477 254018674 129326404 107433999 53230592 23317 297799768 26930 
526184636 204296848 171909696 27178195 222194228 1147 172670024 48487932 12540 280568106 
25340 32882709 390967589 25077 38296574 8867 111612371 4194304 295946235 84028024 
141154011 148490510 115477566 96035708 64 3167 347206944 261708238 16 863774964 
49001550 204326280 864141780 523874593 191860736 42725254 528210723 695967874 49249143 676816839 
581875482 373895144 206121288 
4
