请输入要打印的行数[3..13]
--------------------------------------------------------------------------------
0         1         2         3         4         5         6         7         
01234567890123456789012345678901234567890123456789012345678901234567890123456789
--------------------------------------------------------------------------------
     1
     1     1
     1     2     1
     1     3     3     1
     1     4     6     4     1
--------------------------------------------------------------------------------
01234567890123456789012345678901234567890123456789012345678901234567890123456789
0         1         2         3         4         5         6         7         
--------------------------------------------------------------------------------

