11636 17561 26159 18318 8062 30772 3692 25835 26476 6555 
13033 165 3822 28748 3957 28766 14825 25124 15824 17638 
23489 25482 13585 23564 20952 14314 22597 17588 1874 5733 
22617 10538 1564 1734 27962 13238 6444 2744 10810 8561 
25610 26423 29110 30550 5007 8773 19445 3484 3052 2270 
9556 25924 14319 20781 14240 31726 23938 11520 8900 4592 
7029 24698 30884 5801 29821 12551 16456 12051 2940 16533 
13373 2712 29954 10498 16440 31271 16916 27600 509 32134 
10285 2592 20863 15082 27267 22750 5193 5317 26763 25913 
24604 20959 30143 32086 12506 2984 24223 12613 13730 22221 
16118 24628 31037 23049 3422 9698 27065 18238 6 15447 
851 27332 11955 9683 8859 17664 5637 13060 16850 25145 
24572 14715 9623 25768 5562 3681 15555 29902 7819 6502 
14225 3083 12322 5115 6658 19819 5158 18625 19839 24771 
26349 26433 30144 1021 13191 16349 3310 18096 4350 31750 
2820 9204 9436 9904 7291 28276 12014 6403 11302 17092 
584 8020 17499 29685 3977 27219 2899 9831 25696 8326 
24275 3295 17487 9206 21260 31705 16047 24616 6337 18208 
26101 13390 3751 7579 3123 19903 529 22378 10466 1701 
25292 27186 19422 7413 28232 30644 16818 21925 5625 10917 
19734 24601 9469 21945 6582 3550 26879 2306 19509 12954 
25179 4472 21362 16451 16259 5849 24330 29584 10145 19379 
7966 9389 6270 25534 12630 4147 23458 17520 24357 11351 
22205 9164 4431 24162 15173 2427 7337 9313 22881 26141 
19488 1821 6662 13537 19453 26701 25695 23379 23144 267 
29299 15222 24874 9349 22786 11283 23735 6901 18095 19280 
13419 10451 15973 24452 26644 5704 20723 14922 14001 19175 
6649 20949 8825 20888 1032 1155 30239 22740 6149 15028 
12117 792 23502 23260 29327 7059 1056 17367 27657 802 
32185 16765 16907 27007 4537 12151 31852 9910 10574 15953 
1365 18648 29840 3791 10055 10738 30890 6021 11359 8768 
18747 2210 729 10911 28924 8717 2772 833 19874 12211 
29012 12964 25350 8223 15501 28869 27011 26955 27999 21137 
7071 12213 23069 18844 1774 25526 9874 19477 25652 18703 
32070 14586 15050 7365 28157 19592 21315 19760 5505 14582 
15694 30798 29345 14178 27870 9309 3194 9484 12937 26280 
19957 194 4910 27809 14993 23707 17115 6960 24675 6120 
18158 14411 11099 30056 890 21191 32200 25019 14316 23661 
12830 32281 12014 10833 27127 17220 9611 20319 20057 20667 
11668 1335 9527 15409 3907 5947 24634 30013 28191 997 
2241 4435 13599 18527 11558 5107 3602 2637 13123 1824 
26686 5101 13364 30740 21064 22115 17759 11314 11092 26190 
21170 8764 28524 9887 28204 13254 8998 5547 14495 27371 
8833 28799 18356 24638 22289 8307 11567 13571 6492 9986 
884 32160 16771 31704 9034 12366 11045 4397 26336 27668 
12416 29266 7694 11254 24793 12425 6108 14954 30238 4634 
25928 30987 19915 14243 14660 20625 26890 11184 2559 23809 
14366 4235 22373 10785 13569 24662 15081 5167 4428 29526 
9346 8402 31576 16530 26867 25681 16035 3229 1360 18179 
17269 31408 15294 16135 12739 13307 28026 21044 15187 6461 
22045 29779 20769 12947 3102 5516 18434 20877 27288 29983 
12423 6535 18509 3157 26148 25143 8172 9653 6545 10370 
3471 29818 23153 404 17800 16453 25650 17455 26717 30992 
12852 23619 22545 18275 7981 31936 29349 27850 5068 9128 
21983 2182 2204 9320 4170 5251 24364 11368 25470 11914 
22125 30177 31649 440 7771 7407 16430 25647 20191 19175 
8693 32011 17908 11242 2660 1688 12554 25274 20484 194 
17831 28365 21574 26572 27988 14496 11904 17221 26807 14414 
2099 8504 11773 27233 3727 20900 1659 1768 7481 30251 
12180 11978 1611 14862 733 857 7069 18009 27007 23594 
23875 18011 7901 3877 29014 4185 1655 32472 18680 18052 
6414 25360 5778 1063 11530 32683 31072 27429 7704 15784 
560 9635 6167 23168 30054 12290 2357 8633 28228 32528 
32597 25784 18280 22143 29877 9431 27798 25494 20429 9143 
31160 28710 6778 19928 19235 16832 13403 13158 25372 31013 
1147 854 18587 1534 28209 15538 17231 717 3397 2609 
6369 3364 32084 31755 12157 28181 12406 5131 14735 9961 
6429 22502 20170 13844 11073 24011 5743 10345 30906 1851 
26316 19083 27885 24091 32259 3748 27562 18440 14348 31321 
22357 1002 26109 12541 16964 9676 10889 28164 20329 1259 
32711 955 1585 20492 18997 12855 7595 15379 7421 27275 
749 210 4983 21055 7860 6175 25582 6909 7754 29481 
4007 652 17325 6668 21535 3843 237 27042 16789 23350 
25302 25500 6856 1909 3791 17618 25090 8822 22530 21976 
14165 7823 12221 10706 27685 10024 29976 16265 28647 27249 
26585 14526 31271 11088 17044 7102 5584 12190 16407 21302 
29096 24210 4101 24649 6682 9085 32448 29408 56 26808 
21644 23617 29184 16091 12274 4068 26590 1072 24419 9857 
19315 8296 32286 5998 7061 10380 22612 7208 4503 32566 
23177 29232 11210 17664 4157 28440 16707 11581 30156 6877 
735 2791 8595 17527 3461 10713 2132 17583 29099 18494 
24795 25393 21532 17482 27362 4578 3064 21032 7475 29299 
25084 20019 32524 23095 21763 32616 12487 18481 1997 24091 
26554 370 15360 13034 24925 18338 32364 8688 4522 24028 
26771 30267 4298 20415 7017 16767 3053 11969 22360 9227 
15738 14791 21895 20733 12392 8947 18012 8882 21227 26557 
6464 21377 7252 28486 29090 11945 18994 25320 27966 19847 
30910 29970 8095 13581 6774 2643 26338 26479 4871 30900 
32190 15903 31088 20811 28353 8188 17765 26637 19676 26567 
27633 3556 21794 3798 12128 12546 24013 28684 9820 22388 
13954 14088 15958 10234 24022 20381 15656 29974 12304 27010 
1528 32355 29488 25675 9567 23592 25649 14232 26826 18733 
10636 11149 1313 16077 20221 30082 4263 5965 11913 3323 
21538 10860 27328 19674 14139 6203 24128 13523 19495 13871 
9338 24353 16007 21109 8121 32375 10637 16773 8288 30778 
6497 27130 4466 28397 15299 17057 20056 20717 1009 30416 
1503 16222 17867 9465 20097 24933 3125 27518 20453 30615 
11965 14279 9641 17330 27262 2963 24414 6283 579 11403 
16852 9800 10736 29213 11672 22223 16670 9607 20156 20095 
8454 10290 31190 25885 416 21570 23115 11025 14860 19307 
21966 20178 24624 10246 18723 30367 2979 17508 553 25200 
16329 3170 6935 27180 16704 3389 6918 11292 23163 14248 
32688 32672 21421 2076 5239 32 8681 2416 15017 17478 
4487 26025 1794 5482 28617 30995 22642 15182 30655 7057 
19489 12300 1639 5169 12977 20556 23065 27395 27331 23482 
24866 3372 17596 22968 23472 30518 21449 13903 21742 22954 
20512 11116 14191 27617 28297 19017 208 24855 20765 14633 
22681 13249 30030 31048 3685 15136 17192 18706 17219 16151 
8663 30355 16987 32314 13672 13871 19669 23079 10708 20883 
23798 7705 12090 17131 9356 5050 2924 4181 19085 23097 
25773 31638 11259 13213 10681 23053 9226 15449 15110 10469 
8069 16672 14666 12686 32622 9978 7485 21101 3813 6552 
31904 16338 4170 29668 8318 20779 9638 5853 20658 11896 
6215 8866 30889 29183 17323 17868 2409 4673 10144 5889 
15570 10284 26024 11463 7716 26002 11682 26517 31682 20442 
23975 8752 9782 4854 22835 15413 8308 149 23429 13041 
9571 3993 18760 15481 9881 28619 17778 6391 10342 1485 
-1
