请输入数组各元素,降序序列,以-1结束(不含-1最多2000个数)
数组的内容为
11636 17561 26159 18318 8062 30772 3692 25835 26476 6555 13033 165 3822 28748 3957 
28766 14825 25124 15824 17638 23489 25482 13585 23564 20952 14314 22597 17588 1874 5733 
22617 10538 1564 1734 27962 13238 6444 2744 10810 8561 25610 26423 29110 30550 5007 
8773 19445 3484 3052 2270 9556 25924 14319 20781 14240 31726 23938 11520 8900 4592 
7029 24698 30884 5801 29821 12551 16456 12051 2940 16533 13373 2712 29954 10498 16440 
31271 16916 27600 509 32134 10285 2592 20863 15082 27267 22750 5193 5317 26763 25913 
24604 20959 30143 32086 12506 2984 24223 12613 13730 22221 16118 24628 31037 23049 3422 
9698 27065 18238 6 15447 851 27332 11955 9683 8859 17664 5637 13060 16850 25145 
24572 14715 9623 25768 5562 3681 15555 29902 7819 6502 14225 3083 12322 5115 6658 
19819 5158 18625 19839 24771 26349 26433 30144 1021 13191 16349 3310 18096 4350 31750 
2820 9204 9436 9904 7291 28276 12014 6403 11302 17092 584 8020 17499 29685 3977 
27219 2899 9831 25696 8326 24275 3295 17487 9206 21260 31705 16047 24616 6337 18208 
26101 13390 3751 7579 3123 19903 529 22378 10466 1701 25292 27186 19422 7413 28232 
30644 16818 21925 5625 10917 19734 24601 9469 21945 6582 3550 26879 2306 19509 12954 
25179 4472 21362 16451 16259 5849 24330 29584 10145 19379 7966 9389 6270 25534 12630 
4147 23458 17520 24357 11351 22205 9164 4431 24162 15173 2427 7337 9313 22881 26141 
19488 1821 6662 13537 19453 26701 25695 23379 23144 267 29299 15222 24874 9349 22786 
11283 23735 6901 18095 19280 13419 10451 15973 24452 26644 5704 20723 14922 14001 19175 
6649 20949 8825 20888 1032 1155 30239 22740 6149 15028 12117 792 23502 23260 29327 
7059 1056 17367 27657 802 32185 16765 16907 27007 4537 12151 31852 9910 10574 15953 
1365 18648 29840 3791 10055 10738 30890 6021 11359 8768 18747 2210 729 10911 28924 
8717 2772 833 19874 12211 29012 12964 25350 8223 15501 28869 27011 26955 27999 21137 
7071 12213 23069 18844 1774 25526 9874 19477 25652 18703 32070 14586 15050 7365 28157 
19592 21315 19760 5505 14582 15694 30798 29345 14178 27870 9309 3194 9484 12937 26280 
19957 194 4910 27809 14993 23707 17115 6960 24675 6120 18158 14411 11099 30056 890 
21191 32200 25019 14316 23661 12830 32281 12014 10833 27127 17220 9611 20319 20057 20667 
11668 1335 9527 15409 3907 5947 24634 30013 28191 997 2241 4435 13599 18527 11558 
5107 3602 2637 13123 1824 26686 5101 13364 30740 21064 22115 17759 11314 11092 26190 
21170 8764 28524 9887 28204 13254 8998 5547 14495 27371 8833 28799 18356 24638 22289 
8307 11567 13571 6492 9986 884 32160 16771 31704 9034 12366 11045 4397 26336 27668 
12416 29266 7694 11254 24793 12425 6108 14954 30238 4634 25928 30987 19915 14243 14660 
20625 26890 11184 2559 23809 14366 4235 22373 10785 13569 24662 15081 5167 4428 29526 
9346 8402 31576 16530 26867 25681 16035 3229 1360 18179 17269 31408 15294 16135 12739 
13307 28026 21044 15187 6461 22045 29779 20769 12947 3102 5516 18434 20877 27288 29983 
12423 6535 18509 3157 26148 25143 8172 9653 6545 10370 3471 29818 23153 404 17800 
16453 25650 17455 26717 30992 12852 23619 22545 18275 7981 31936 29349 27850 5068 9128 
21983 2182 2204 9320 4170 5251 24364 11368 25470 11914 22125 30177 31649 440 7771 
7407 16430 25647 20191 19175 8693 32011 17908 11242 2660 1688 12554 25274 20484 194 
17831 28365 21574 26572 27988 14496 11904 17221 26807 14414 2099 8504 11773 27233 3727 
20900 1659 1768 7481 30251 12180 11978 1611 14862 733 857 7069 18009 27007 23594 
23875 18011 7901 3877 29014 4185 1655 32472 18680 18052 6414 25360 5778 1063 11530 
32683 31072 27429 7704 15784 560 9635 6167 23168 30054 12290 2357 8633 28228 32528 
32597 25784 18280 22143 29877 9431 27798 25494 20429 9143 31160 28710 6778 19928 19235 
16832 13403 13158 25372 31013 1147 854 18587 1534 28209 15538 17231 717 3397 2609 
6369 3364 32084 31755 12157 28181 12406 5131 14735 9961 6429 22502 20170 13844 11073 
24011 5743 10345 30906 1851 26316 19083 27885 24091 32259 3748 27562 18440 14348 31321 
22357 1002 26109 12541 16964 9676 10889 28164 20329 1259 32711 955 1585 20492 18997 
12855 7595 15379 7421 27275 749 210 4983 21055 7860 6175 25582 6909 7754 29481 
4007 652 17325 6668 21535 3843 237 27042 16789 23350 25302 25500 6856 1909 3791 
17618 25090 8822 22530 21976 14165 7823 12221 10706 27685 10024 29976 16265 28647 27249 
26585 14526 31271 11088 17044 7102 5584 12190 16407 21302 29096 24210 4101 24649 6682 
9085 32448 29408 56 26808 21644 23617 29184 16091 12274 4068 26590 1072 24419 9857 
19315 8296 32286 5998 7061 10380 22612 7208 4503 32566 23177 29232 11210 17664 4157 
28440 16707 11581 30156 6877 735 2791 8595 17527 3461 10713 2132 17583 29099 18494 
24795 25393 21532 17482 27362 4578 3064 21032 7475 29299 25084 20019 32524 23095 21763 
32616 12487 18481 1997 24091 26554 370 15360 13034 24925 18338 32364 8688 4522 24028 
26771 30267 4298 20415 7017 16767 3053 11969 22360 9227 15738 14791 21895 20733 12392 
8947 18012 8882 21227 26557 6464 21377 7252 28486 29090 11945 18994 25320 27966 19847 
30910 29970 8095 13581 6774 2643 26338 26479 4871 30900 32190 15903 31088 20811 28353 
8188 17765 26637 19676 26567 27633 3556 21794 3798 12128 12546 24013 28684 9820 22388 
13954 14088 15958 10234 24022 20381 15656 29974 12304 27010 1528 32355 29488 25675 9567 
23592 25649 14232 26826 18733 10636 11149 1313 16077 20221 30082 4263 5965 11913 3323 
21538 10860 27328 19674 14139 6203 24128 13523 19495 13871 9338 24353 16007 21109 8121 
32375 10637 16773 8288 30778 6497 27130 4466 28397 15299 17057 20056 20717 1009 30416 
1503 16222 17867 9465 20097 24933 3125 27518 20453 30615 11965 14279 9641 17330 27262 
2963 24414 6283 579 11403 16852 9800 10736 29213 11672 22223 16670 9607 20156 20095 
8454 10290 31190 25885 416 21570 23115 11025 14860 19307 21966 20178 24624 10246 18723 
30367 2979 17508 553 25200 16329 3170 6935 27180 16704 3389 6918 11292 23163 14248 
32688 32672 21421 2076 5239 32 8681 2416 15017 17478 4487 26025 1794 5482 28617 
30995 22642 15182 30655 7057 19489 12300 1639 5169 12977 20556 23065 27395 27331 23482 
24866 3372 17596 22968 23472 30518 21449 13903 21742 22954 20512 11116 14191 27617 28297 
19017 208 24855 20765 14633 22681 13249 30030 31048 3685 15136 17192 18706 17219 16151 
8663 30355 16987 32314 13672 13871 19669 23079 10708 20883 23798 7705 12090 17131 9356 
5050 2924 4181 19085 23097 25773 31638 11259 13213 10681 23053 9226 15449 15110 10469 
8069 16672 14666 12686 32622 9978 7485 21101 3813 6552 31904 16338 4170 29668 8318 
20779 9638 5853 20658 11896 6215 8866 30889 29183 17323 17868 2409 4673 10144 5889 
15570 10284 26024 11463 7716 26002 11682 26517 31682 20442 23975 8752 9782 4854 22835 
15413 8308 149 23429 13041 9571 3993 18760 15481 9881 28619 17778 6391 10342 1485 
调整后数组的内容为
1485 17561 26159 6391 28619 9881 15481 25835 3993 6555 
13033 165 9571 13041 3957 23429 14825 149 15413 22835 
23489 23975 13585 26517 11463 5889 22597 4673 2409 5733 
22617 17323 29183 30889 6215 5853 20779 3813 21101 8561 
7485 26423 8069 10469 5007 8773 19445 15449 23053 10681 
13213 11259 14319 20781 25773 23097 19085 4181 17131 7705 
7029 20883 23079 5801 29821 12551 19669 12051 13871 16533 
13373 16987 30355 8663 16151 31271 17219 3685 509 13249 
10285 22681 20863 14633 27267 20765 5193 5317 26763 25913 
24855 20959 30143 19017 28297 27617 24223 12613 14191 22221 
13903 21449 31037 23049 27331 27395 27065 23065 12977 15447 
851 5169 11955 9683 8859 1639 5637 19489 7057 25145 
30655 14715 9623 30995 28617 3681 15555 26025 7819 4487 
14225 3083 15017 5115 8681 19819 5239 18625 19839 24771 
26349 26433 21421 1021 13191 16349 23163 3389 6935 16329 
553 2979 30367 18723 7291 19307 11025 6403 23115 25885 
20095 9607 17499 29685 3977 27219 2899 9831 22223 29213 
24275 3295 17487 11403 579 31705 16047 6283 6337 2963 
26101 9641 3751 7579 3123 19903 529 14279 11965 1701 
30615 20453 3125 7413 24933 20097 9465 21925 5625 10917 
17867 24601 9469 21945 1503 1009 26879 20717 19509 17057 
25179 15299 28397 16451 16259 5849 6497 16773 10145 19379 
10637 9389 32375 8121 21109 4147 16007 24353 24357 11351 
22205 13871 4431 19495 15173 2427 7337 9313 22881 26141 
13523 1821 6203 13537 19453 26701 25695 23379 14139 267 
29299 3323 11913 9349 5965 11283 23735 6901 18095 4263 
13419 10451 15973 20221 16077 1313 20723 11149 14001 19175 
6649 20949 8825 18733 25649 1155 30239 9567 6149 25675 
12117 32355 20381 24013 29327 7059 27633 17367 27657 26567 
32185 16765 16907 27007 4537 12151 26637 17765 28353 15953 
1365 20811 15903 3791 10055 4871 26479 6021 11359 2643 
18747 13581 729 10911 8095 8717 19847 833 11945 12211 
21377 26557 21227 8223 15501 28869 27011 26955 27999 21137 
7071 12213 23069 8947 20733 21895 14791 19477 9227 18703 
11969 3053 16767 7365 28157 7017 21315 20415 5505 30267 
26771 24925 29345 24091 1997 9309 18481 12487 12937 21763 
19957 23095 20019 27809 14993 23707 17115 29299 24675 7475 
25393 14411 11099 24795 29099 21191 17583 25019 10713 23661 
3461 32281 17527 10833 27127 8595 9611 20319 20057 20667 
2791 1335 9527 15409 3907 5947 735 30013 28191 997 
2241 4435 13599 18527 6877 5107 11581 2637 13123 16707 
4157 5101 23177 4503 7061 22115 17759 19315 9857 24419 
16091 23617 9085 9887 24649 4101 16407 5547 14495 27371 
8833 28799 31271 26585 22289 8307 11567 13571 27249 28647 
16265 27685 16771 12221 7823 14165 11045 4397 3791 1909 
16789 237 3843 21535 24793 12425 17325 4007 29481 6909 
6175 30987 19915 14243 21055 20625 4983 749 2559 23809 
27275 4235 22373 10785 13569 7421 15081 5167 15379 7595 
12855 18997 1585 955 26867 25681 16035 3229 32711 18179 
17269 1259 20329 16135 12739 13307 10889 12541 15187 6461 
22045 29779 20769 12947 26109 22357 31321 20877 32259 29983 
12423 6535 18509 3157 24091 25143 27885 9653 6545 19083 
3471 1851 23153 10345 5743 16453 24011 17455 26717 11073 
6429 23619 22545 18275 7981 9961 29349 14735 5131 28181 
21983 12157 31755 6369 2609 5251 3397 717 17231 28209 
22125 30177 31649 18587 7771 7407 1147 25647 20191 19175 
8693 32011 31013 13403 19235 9143 20429 9431 29877 22143 
17831 28365 32597 8633 2357 6167 9635 17221 26807 27429 
2099 32683 11773 27233 3727 1063 1659 1655 7481 30251 
4185 3877 1611 7901 733 857 7069 18009 27007 18011 
23875 23594 14862 11978 29014 12180 1768 32472 18680 18052 
6414 25360 5778 20900 11530 8504 31072 14414 7704 15784 
560 11904 14496 23168 30054 12290 27988 26572 28228 32528 
21574 25784 18280 194 20484 25274 27798 25494 12554 1688 
31160 28710 6778 19928 2660 16832 11242 13158 25372 17908 
16430 854 440 1534 11914 15538 25470 11368 24364 4170 
9320 3364 32084 2204 2182 9128 12406 5068 27850 31936 
12852 22502 20170 13844 30992 25650 17800 404 30906 29818 
26316 10370 8172 26148 27288 3748 27562 18440 14348 18434 
5516 1002 3102 21044 16964 9676 28026 28164 15294 31408 
1360 16530 31576 20492 8402 9346 29526 4428 24662 14366 
11184 210 26890 14660 7860 25928 25582 4634 7754 30238 
14954 652 6108 6668 11254 7694 29266 27042 12416 23350 
25302 25500 6856 27668 26336 17618 25090 8822 22530 21976 
12366 9034 31704 10706 32160 10024 29976 884 9986 6492 
24638 14526 18356 11088 17044 7102 5584 12190 8998 21302 
29096 24210 13254 28204 6682 28524 32448 29408 56 26808 
21644 8764 29184 21170 12274 4068 26590 1072 26190 11092 
11314 8296 32286 5998 21064 10380 22612 7208 30740 32566 
13364 29232 11210 17664 26686 28440 1824 3602 30156 11558 
24634 11668 17220 12014 12830 14316 2132 32200 890 18494 
30056 18158 21532 17482 27362 4578 3064 21032 6120 6960 
25084 4910 32524 194 26280 32616 9484 3194 27870 14178 
26554 370 15360 13034 30798 18338 32364 8688 4522 24028 
15694 14582 4298 19760 19592 15050 14586 32070 22360 25652 
15738 9874 25526 1774 12392 18844 18012 8882 25350 12964 
6464 29012 7252 28486 29090 19874 18994 25320 27966 2772 
30910 29970 28924 2210 6774 8768 26338 30890 10738 30900 
32190 29840 31088 18648 10574 8188 9910 31852 19676 802 
1056 3556 21794 3798 12128 12546 23260 28684 9820 22388 
13954 14088 15958 10234 24022 23502 15656 29974 12304 27010 
1528 792 29488 15028 22740 23592 1032 14232 26826 20888 
10636 14922 5704 26644 24452 30082 19280 22786 24874 15222 
21538 10860 27328 19674 23144 6662 24128 19488 24162 9164 
9338 17520 23458 12630 25534 6270 7966 29584 8288 30778 
24330 27130 4466 21362 4472 12954 20056 2306 3550 30416 
6582 16222 19734 16818 30644 28232 19422 27518 27186 25292 
10466 22378 13390 17330 27262 18208 24414 24616 21260 9206 
16852 9800 10736 8326 11672 25696 16670 8020 20156 584 
8454 10290 31190 17092 416 21570 11302 12014 14860 28276 
21966 20178 24624 10246 9904 9436 9204 17508 2820 25200 
31750 3170 4350 27180 16704 18096 6918 11292 3310 14248 
32688 32672 30144 2076 5158 32 6658 2416 12322 17478 
6502 29902 1794 5482 5562 25768 22642 15182 24572 16850 
13060 12300 17664 27332 6 20556 18238 9698 3422 23482 
24866 3372 17596 22968 23472 30518 24628 16118 21742 22954 
20512 11116 13730 2984 12506 32086 208 24604 22750 15082 
2592 32134 30030 31048 27600 15136 17192 18706 16916 16440 
10498 29954 2712 32314 13672 2940 16456 30884 10708 24698 
23798 4592 12090 8900 9356 5050 2924 11520 23938 31726 
14240 31638 25924 9556 2270 3052 9226 3484 15110 30550 
29110 16672 14666 12686 32622 9978 25610 10810 2744 6552 
31904 16338 4170 29668 8318 6444 9638 13238 20658 11896 
27962 8866 1734 1564 10538 17868 1874 17588 10144 14314 
15570 10284 26024 20952 7716 26002 11682 23564 31682 20442 
25482 8752 9782 4854 17638 15824 8308 25124 28766 28748 
3822 26476 18760 3692 30772 8062 17778 18318 10342 11636 
